acceleration,velocity,displacement
0.030233179727856226,0.0,0.0
0.02346305066405079,2.684811519595351e-05,1.3424057597976754e-08
0.016982319378726764,4.707080021734229e-05,5.0383515304624657e-08
0.011054733514191024,6.108932666380118e-05,1.0446357874519639e-07
0.005896176192804717,6.956478151729905e-05,1.697906328357465e-07
0.0016585440759720289,7.334214165168743e-05,2.412440944202397e-07
-0.0015789982150593935,7.338191458214375e-05,3.146061225371553e-07
-0.0038115209480871766,7.068665500057046e-05,3.8664040732851243e-07
-0.005103554212010926,6.62291174205214e-05,4.550982935390584e-07
-0.005579141745800135,6.088776944161587e-05,5.18656736970127e-07
-0.005407729694621836,5.5394333721404886e-05,5.767977885516375e-07
-0.0047869231146512575,5.0297007316768336e-05,6.29643459070724e-07
-0.003923299511741203,4.5941896003572104e-05,6.777629107308943e-07
-0.0030127085048593494,4.2473891995271826e-05,7.219708047303163e-07
-0.002221862637012139,3.985660642433608e-05,7.631360539401202e-07
-0.0016733830467202204,3.79089835824699e-05,8.020188489435232e-07
-0.0014363812362101645,3.635410144100471e-05,8.391503914552605e-07
-0.0015238971957625004,3.4873962225018376e-05,8.747644232882721e-07
-0.00189732482881992,3.316335121272717e-05,9.087830800071448e-07
-0.0024767918160579464,3.097629289028824e-05,9.408529020586526e-07
-0.0031555817825152737,2.8160106091001626e-05,9.704211015492975e-07
-0.00381616388375263,2.4674233257867673e-05,9.968382712237323e-07
-0.004345351033833026,2.0593475799074847e-05,1.0194721257522035e-06
-0.004646675220627628,1.609746267184452e-05,1.0378175949876632e-06
-0.004649070154028111,1.144958998451665e-05,1.0515911213158439e-06
-0.004311852233830566,6.969128790587311e-06,1.0608004807033958e-06
-0.00362634512884856,3.0000301092477477e-06,1.0657850601533132e-06
-0.0026143961108482257,-1.2034051060064517e-07,1.0672249049526368e-06
-0.001323973369068727,-2.0895252505591213e-06,1.066119972072057e-06
0.0001776949275188233,-2.662664471334073e-06,1.0637438772111104e-06
0.0018125434950259035,-1.6675452600617097e-06,1.0615787723454124e-06
0.003500455619277009,9.889542970897464e-07,1.0612394768639263e-06
0.005167166461931021,5.3227653376937615e-06,1.064395336681318e-06
0.006750280017921214,1.1281488577619879e-05,1.0726974636389749e-06
0.0082029342619101,1.8758095717535537e-05,1.0877172557865527e-06
0.009495323281932689,2.7607224489456933e-05,1.110899915890049e-06
0.010614738082212622,3.766225517152959e-05,1.143534655720542e-06
0.011564759123530584,4.875200377440119e-05,1.1867417851935075e-06
0.012363841472141543,6.071630407223726e-05,1.2414759391168268e-06
0.0130431910846669,7.341982035064149e-05,1.308544001328266e-06
0.013643864989031052,8.676334838749046e-05,1.388635585697332e-06
0.014213367747019465,0.00010069196475551571,1.4823632422688352e-06
0.014802268905332594,0.00011519978308169174,1.590309116187439e-06
0.01546124096052658,0.00013033153801462132,1.7130747767355955e-06
0.016238533478938815,0.00014618142523435402,1.8513312583600833e-06
0.01717759449366502,0.00016288948922065595,2.0058667155875882e-06
0.01831450453589696,0.00018063553873543694,2.177629229565635e-06
0.01967506423360574,0.00019963032312018828,2.3677621604934475e-06
0.021271674938648545,0.00022010369270631543,2.5776291684066995e-06
0.0231004537792933,0.00024228975706528635,2.8088258932925003e-06
0.025139195277798572,0.0002664095815938323,3.0631755626220595e-06
0.02734677535343565,0.0002926525669094494,3.3427066368737002e-06
0.029664420654654997,0.00032115816491349474,3.6496120027851723e-06
0.032018965093283315,0.0003519998577874639,3.986191014135651e-06
0.0343278533193046,0.0003851732669937579,4.354777576526263e-06
0.036505368909849394,0.0004205898781083349,4.757659149077309e-06
0.03846939655691919,0.0004580772608417192,5.196992718552336e-06
0.040147889062184076,0.0004973859036512708,5.674724300798831e-06
0.041484186920456176,0.0005382019416425909,6.192518223445762e-06
0.04244059595593777,0.0005801643330807879,6.751701360807452e-06
0.04300002019738298,0.0006228846411574483,7.35322584792657e-06
0.043165697201588395,0.000665967499856934,7.997651918433761e-06
0.04295925958202099,0.0007090299782487387,8.685150657486597e-06
0.04241764590542134,0.0007517184309924598,9.415524862107197e-06
0.04158963167582212,0.0007937220697830815,1.0188245112494967e-05
0.040532616022885326,0.0008347831936324352,1.1002497744202726e-05
0.039309852271058106,0.000874704427779407,1.1857241554908647e-05
0.03798795627728679,0.0009133533320535794,1.275127043482514e-05
0.036634467352681166,0.0009506645438685634,1.3683279372786211e-05
0.035315310474387,0.0009866394327820976,1.465193136111154e-05
0.03409205112046708,0.0010213431135795246,1.5655922634292353e-05
0.03301891235310132,0.0010548985953163087,1.6694043488740268e-05
0.032139700767319236,0.0010874779018765189,1.776523173733668e-05
0.03148489607091969,0.0011192902002956384,1.886861578842276e-05
0.031069041261458038,0.0011505671689618273,2.0003544473051492e-05
0.030888419267648497,0.0011815458992263806,2.1169601007145594e-05
0.03091915121045432,0.001212449684465432,2.23665987989915e-05
0.031116261439807245,0.0012434673907905627,2.3594557336619497e-05
0.03141452397348799,0.0012747327834972102,2.4853657423763385e-05
0.03173178166100418,0.0013063059363144563,2.614417678366922e-05
0.03197502002620125,0.001338159337158059,2.7466409420405477e-05
0.03204896207421914,0.0013701713282082693,2.882057475308864e-05
0.031866353781338216,0.001402128986136048,3.0206724910260798e-05
0.03135847284688626,0.0014337413994501601,3.1624660103053904e-05
0.030484011101681866,0.0014646626414244442,3.307386212349121e-05
0.02923473204194389,0.0014945220129962571,3.455345445070156e-05
0.027637170781073805,0.001522957964407766,3.606219443940357e-05
0.025750569171571817,0.001549651834384089,3.75984993387995e-05
0.02366165555167319,0.0015743579467457115,3.9160504229364396e-05
0.021476814938200105,0.0015969271819906482,4.074614679373258e-05
0.019312170346499215,0.0016173216746329978,4.23532712220444e-05
0.017282439915408596,0.0016356189797639518,4.3979741549242876e-05
0.01548992742113114,0.0016520051634322215,4.5623553620840964e-05
0.01401518595520143,0.0016667577201203878,4.7282935062617266e-05
0.012910550868611825,0.0016802205885322946,4.8956424216943607e-05
0.012197023699600528,0.0016927743758164008,5.0642921699117955e-05
0.01186422653066015,0.001704805000931531,5.234171138749192e-05
0.011872605848187306,0.001716673417120955,5.4052450596518163e-05
0.012156914851373577,0.0017286881774707353,5.577513139381401e-05
0.012630338655109378,0.0017410818042239767,5.7510016384661365e-05
0.013189289623043644,0.0017539916183630531,5.925755309595488e-05
0.013719340059417766,0.001767445933204284,6.1018271871738546e-05
0.014102537954343065,0.0017813568722111644,6.279267327444628e-05
0.014225712867954427,0.0017955209976223132,6.458111220936301e-05
0.013988895083298153,0.0018096283015979395,6.638368685897314e-05
0.013312892366729752,0.0018232791953229535,6.820014060743359e-05
0.012145331007925579,0.0018360083070102812,7.002978435860021e-05
0.010464881943627819,0.0018473134134860578,7.187144521884838e-05
0.008283656731566145,0.001856687682823655,7.372344576700324e-05
0.005647700614282672,0.0018636533614965793,7.558361628916335e-05
0.0026353376530378436,0.0018677948806302396,7.744934041022676e-05
-0.000646815193246159,0.0018687891418601354,7.931763242147195e-05
-0.004069970942040995,0.0018664307487924919,8.118524236679826e-05
-0.007490839287348032,0.0018606503436777973,8.30487829130334e-05
-0.010760205507625036,0.0018515248212803107,8.490487049551246e-05
-0.013732127216304412,0.0018392786549183459,8.675027223361179e-05
-0.016273737088309922,0.0018242757227660386,8.858204942245398e-05
-0.018275470011312533,0.0018070011192162273,9.03976878434451e-05
-0.019660968399762946,0.0017880329000106896,9.219520485305857e-05
-0.02039536054055929,0.0017680047355405285,9.397322367083418e-05
-0.02049040305134598,0.0017475618537445758,9.573100696547673e-05
-0.020005213968567977,0.0017273140452346188,9.746844491496633e-05
-0.01904191954742619,0.0017077904784766217,9.918599717682194e-05
-0.017736407142139973,0.0016894013151318385,0.00010088459307362617
-0.016245376735527266,0.0016724104231930048,0.00010256549894278859
-0.014731694437256844,0.0016569218876066128,0.0001042301650981884
-0.01335026255246725,0.0016428809091117507,0.00010588006649654758
-0.012236104575716241,0.001630087725547659,0.00010751655081387728
-0.011495483352979795,0.001618221931583311,0.00010914070564244275
-0.011200145896880427,0.0016068741169583808,0.0001107532536667136
-0.011384454203136628,0.0015955818169083723,0.00011235448163364698
-0.012045150931573441,0.0015838670143410174,0.00011394420604927167
-0.01314363282248228,0.0015712726224639895,0.00011552177586767418
-0.014610675553041573,0.0015573954682762275,0.0001170861099130443
-0.01635349456658406,0.0015419133832164148,0.00011863576433879062
-0.018264838500269654,0.001524604216682988,0.00012016902313874032
-0.020233463387523753,0.0015053550657390911,0.00012168400277995135
-0.02215487059954585,0.0014841608987455563,0.00012317876076219368
-0.02394082710894026,0.0014611130498913133,0.0001246513977365121
-0.02552613261915651,0.001436379570027265,0.0001261001440464714
-0.026871459705453408,0.00141018077386496,0.00012752342421841752
-0.02796192545972825,0.0013827640812823692,0.0001289198966459912
-0.02880216218200435,0.0013543820374615028,0.00013028846970536314
-0.02940946460640656,0.0013252762240672973,0.00013162829883612754
-0.029806646765530055,0.0012956681683813289,0.00013293877103235185
-0.030015758025047787,0.00126575696598604,0.00013421948359953554
-0.03005336276974983,0.001235722405588641,0.00013547022328532288
-0.02992790504675693,0.0012057317716803878,0.0001366909503739574
-0.02963954523751296,0.0011759480465382529,0.0001378817902830667
-0.029182571202927804,0.0011465369883180325,0.00013904303280049484
-0.028550060384744724,0.0011176706725241963,0.00014017513663091595
-0.027739984516558167,0.001089525650073545,0.0001412787347922148
-0.02676149585239116,0.0010622749098890703,0.0001423546350721961
-0.025639882618233762,0.001036074220653758,0.00014340380963746754
-0.024418859361187772,0.0010110448496640472,0.00014442736917262645
-0.023159521222591375,0.0009872556593721576,0.00014542651942714454
-0.021936147257273143,0.0009647078251322253,0.00014640250116939674
-0.020829669574839536,0.000943324916716169,0.00014735651754032095
-0.019919896651437022,0.0009229501336030307,0.00014828965506548055
-0.01927765198780155,0.0009033513592834114,0.00014920280581192378
-0.018957962155834215,0.0008842335522115935,0.00015009659826767128
-0.018995224757841742,0.0008652569587547555,0.00015097134352315446
-0.019400902737493873,0.0008460588950070877,0.00015182700145003537
-0.0201638444886712,0.0008262765213940051,0.0001526631691582359
-0.021252874828547427,0.0008055681617353958,0.00015347909149980061
-0.022620875993889764,0.0007836312863241772,0.0001542736912238304
-0.02420935612233475,0.0007602161702660649,0.00015504561495212552
-0.025952697002828564,0.0007351351437034832,0.0001557932906091103
-0.027781844796947647,0.0007082678728035951,0.00015651499211736383
-0.02962774976841282,0.0006795630755209148,0.0001572089075915261
-0.03142489922754176,0.0006490367510229375,0.000157873207504798
-0.03311480455471708,0.0006167668991318081,0.00015850610932987538
-0.03464884323851711,0.000582885075235191,0.00015910593531705887
-0.03598996709694011,0.0005475656700674624,0.0001596711606897102
-0.03711340136135671,0.000511013985838314,0.00016020045051766307
-0.03800694378588354,0.0004734538132646939,0.00016069268441721457
-0.03867130587332756,0.00043511468843508835,0.00016114696866806447
-0.03912026708972006,0.00039621890195356456,0.0001615626354632588
-0.039379880202458944,0.00035696882830747506,0.00016193922932838934
-0.03948601731582762,0.00031753587954833177,0.00016227648168231723
-0.03948005213792195,0.00027805284482145697,0.00016257427604450214
-0.039403064002275195,0.0002386112867513584,0.00016283260811028854
-0.03928944515892904,0.00019926503217075628,0.0001630515462697496
-0.03916112170419739,0.00016003974873919305,0.00016323119866020456
-0.03902360372137377,0.00012094738602640747,0.00016337169222758736
-0.038864718219599075,8.200322505592106e-05,0.00016347316753312854
-0.03865638061619974,4.3242675638021655e-05,0.0001635357904834755
-0.03835939176936577,4.734789445238902e-06,0.00016355977921601712
-0.037930995658257576,-3.341040426857277e-05,0.00016354544140860546
-0.03733453904484376,-7.104317162012343e-05,0.0001634932146206611
-0.036549909383576974,-0.00010798539583433379,0.00016340370033693388
-0.035582772277878705,-0.00014405173666506163,0.00016327768177068418
-0.0344704553719632,-0.00017907835048998257,0.00016311611672710665
-0.033282826903107944,-0.00021295499162751814,0.00016292010005604788
-0.03211749987898957,-0.0002456551550185669,0.00016269079498272483
-0.031089843029547617,-0.0002772588264728355,0.00016242933799197914
-0.030319361198714923,-0.00030796342858696677,0.00016213672686444925
-0.02991479487691282,-0.00033808050662478064,0.0001618137048968434
-0.0299604862968949,-0.0003680181472116845,0.00016146065556992516
-0.030506017591518372,-0.00039825139915589114,0.00016107752079674137
-0.031560174528528766,-0.0004292844952159147,0.00016066375284955547
-0.033089547296264024,-0.0004616093561283111,0.00016021830592388337
-0.03502176339831918,-0.0004956650114756028,0.0001597396687400814
-0.037253090879204934,-0.0005318024386143648,0.0001592259350150364
-0.03965962741751925,-0.0005702587977627269,0.00015867490439684786
-0.04211062901139777,-0.0006111439259771854,0.0001580842030349779
-0.04448205535648731,-0.0006544402681611279,0.00015745141093790875
-0.046668340904027654,-0.0007000154662913854,0.0001567741830706825
-0.04859083033033623,-0.0007476450519085673,0.00015605035281158252
-0.05020217132098627,-0.0007970415527342286,0.00015527800950926112
-0.05148692221915816,-0.0008478860995043008,0.00015445554568314186
-0.05245925323707771,-0.0008998591872324187,0.0001535816730397735
-0.053158635955371,-0.0009526681318286431,0.00015265540938024297
-0.05364399426271917,-0.001006069446937688,0.0001516760405908598
-0.05398637553791056,-0.001059884631838003,0.00015064306355147195
-0.054260169226088,-0.0011140079042200022,0.00014955611728344296
-0.05453335050666052,-0.0011684046640863764,0.00014841491099928976
-0.05485794875150268,-0.001223100313715458,0.00014721915851038884
-0.05526248021490979,-0.0012781605281986643,0.00014596852808943179
-0.055747983217855464,-0.0013336657599150468,0.00014466261494537494
-0.056288456370137296,-0.0013896839797090431,0.0001433009400755629
-0.05683532376258396,-0.0014462458697754037,0.00014188297515082068
-0.057324624389237355,-0.0015033258438513144,0.00014040818929400732
-0.0576853316725266,-0.0015608308218821964,0.00013887611096114057
-0.05784754143949253,-0.001618597258438206,0.00013728639692098038
-0.05774983102278163,-0.001676395944669343,0.00013563890031942661
-0.05734543061123486,-0.0017339435754863512,0.00013393373055934875
-0.05660687348931022,-0.0017909197275366238,0.00013217129890783728
-0.05552877051671973,-0.0018469875495396389,0.00013035234526929916
-0.05412848668470161,-0.0019018161781403494,0.00012847794340545916
-0.05244477197931472,-0.0019551028074723574,0.0001265494839126528
-0.05053474957530909,-0.0020065925682496693,0.0001245686362247918
-0.048469988940925156,-0.0020560949375077863,0.00012253729247191307
-0.04633246534908252,-0.00210349616465279,0.00012045749692083279
-0.04421083142602603,-0.002148767813040344,0.00011833136493198622
-0.042196756698702646,-0.0021919716071027084,0.00011616099522191468
-0.040380638105136875,-0.002233260304504628,0.00011394837926611102
-0.038846112862189176,-0.0022728736799882913,0.00011169531227386456
-0.03766339566283456,-0.0023111284342508033,0.00010940331121674501
-0.0368821418970054,-0.0023484012030307233,0.00010707354639810425
-0.03652500696075159,-0.0023851047774596018,0.00010470679340785909
-0.03658317611213284,-0.002421658868996044,0.00010230341158463127
-0.037014878052424455,-0.002458457896078323,9.98633532020941e-05
-0.03774740203434987,-0.00249583903612171,9.738620473599407e-05
-0.03868256569745175,-0.0025340540199876105,9.487125820793941e-05
-0.03970502437057835,-0.0025732478150216256,9.23176072904348e-05
-0.04069236458938023,-0.0026134465095016047,8.972426012817318e-05
-0.04152571102283182,-0.0026545555473077107,8.709025909976852e-05
-0.04209967529958391,-0.0026963682404689184,8.44147972058802e-05
-0.04233081806742452,-0.0027385834871524227,8.169732134206953e-05
-0.04216417532341643,-0.0027808309838478432,7.89376141065694e-05
-0.04157758379587516,-0.002822701863407489,7.613584768294173e-05
-0.04058344930025591,-0.0028637823799555545,7.329260556126021e-05
-0.03922747459364164,-0.0029036878419025033,7.040887045033118e-05
-0.03758408216365716,-0.0029420936202811526,6.748597971923935e-05
-0.03574890630980904,-0.0029787601145178856,6.452555285183984e-05
-0.03382944395971606,-0.003013549289652648,6.152939814975457e-05
-0.03193533099539791,-0.0030464316771302053,5.849940766636314e-05
-0.030169572069760158,-0.003077484128662784,5.543744976346665e-05
-0.028621543888792435,-0.0031068796866420604,5.2345267855814224e-05
-0.027362067067416573,-0.003134871492120165,4.922439226643311e-05
-0.026440534930715843,-0.003161772793119231,4.607607012381341e-05
-0.025883938673732773,-0.0031879350299214553,4.2901216212293066e-05
-0.025697469128520146,-0.003213725733822582,3.970038583042105e-05
-0.025866192448786633,-0.0032395075646112353,3.647376918120414e-05
-0.026357241129345794,-0.0032656192814003015,3.322120575819837e-05
-0.02712211754411983,-0.003292358960737034,2.99422166371297e-05
-0.028098960815720518,-0.0033199694999169545,2.6636052406802704e-05
-0.029214837116353923,-0.0033486263988829917,2.330175445740273e-05
-0.030388253872706696,-0.003378427944377522,1.9938227285772473e-05
-0.031532158050819416,-0.003409388150339285,1.6544319238414068e-05
-0.03255761501542999,-0.00344143303687241,1.311890864480822e-05
-0.0333782297920477,-0.003474400959276149,9.66099164673394e-06
-0.03391527702035007,-0.003508047712682348,6.169767310754692e-06
-0.03410340924307781,-0.0035420570558140616,2.644714926506487e-06
-0.03389654567992346,-0.003576057033275562,-9.143421180383248e-07
-0.03327311228838235,-0.003609641862259715,-4.507191565805963e-06
-0.032239520101055325,-0.0036423981784544338,-8.133211586163038e-06
-0.03083092611744143,-0.0036739334015636824,-1.1791377376172096e-05
-0.029108869385062127,-0.003703903299314934,-1.5480295726611406e-05
-0.027156055459100777,-0.0037320357617370153,-1.919826525713738e-05
-0.025069155657239033,-0.0037581483672951854,-2.294335732165348e-05
-0.022950798162239324,-0.0037821583442049244,-2.6713510677403536e-05
-0.02090182773446842,-0.003804084657153278,-3.0506632178082637e-05
-0.019014506985125846,-0.003824042824513075,-3.4320695918915813e-05
-0.017366875046607316,-0.0038422335155289416,-3.815383408893682e-05
-0.016018162912000686,-0.0038589260345082456,-4.2004413863955415e-05
-0.015005127321461356,-0.0038744376796249766,-4.5871095721022026e-05
-0.014339428293543078,-0.0038891099574324788,-4.9752869539550756e-05
-0.014006482756932078,-0.0039032829129577165,-5.3649065974745856e-05
-0.013966224662598203,-0.003917269266667482,-5.755934206455846e-05
-0.014155850621546867,-0.003931330304309554,-6.148364185004697e-05
-0.01449422725198739,-0.003945655343246321,-6.54221346738249e-05
-0.014887442871393214,-0.003960346178308012,-6.937513543460207e-05
-0.0152350149317301,-0.003975407407209574,-7.334301222736087e-05
-0.015436394830507225,-0.003990743112090692,-7.7326087487011e-05
-0.015397534936405902,-0.004006160076974149,-8.132453908154343e-05
-0.015037348001752214,-0.004021377518443228,-8.533830787925211e-05
-0.014293888006615943,-0.004036043136447412,-8.936701820669743e-05
-0.013130014797260746,-0.0040497550878493506,-9.340991731884582e-05
-0.011538188253642197,-0.004062089189374802,-9.74658394574579e-05
-0.009543880131575616,-0.004072630223567411,-0.000101533199163929
-0.007206887900624172,-0.004081005607583511,-0.00010561001707950446
-0.004619729976062368,-0.004086918916521854,-0.00010969397934155715
-0.001902576789503439,-0.004090180069904637,-0.0001137825288347704
0.0008051812861408379,-0.004090728767656319,-0.00011787298325355087
0.0033559894209873415,-0.004088648182302755,-0.0001219626717285304
0.005606658067343738,-0.004084166858558589,-0.00012604907924896108
0.007430931328947842,-0.0040776480638604435,-0.0001301299867101706
0.008730479369300135,-0.004069567358511319,-0.00013420359442135646
0.009442828588436833,-0.004060480704532451,-0.00013826861845287833
0.009545277618606355,-0.004050986651428929,-0.00014232435213085902
0.009054626750514735,-0.004041686699244369,-0.00014637068880619567
0.008023258455855215,-0.004033147756641184,-0.00015040810603413843
0.006532460504102851,-0.004025869897161204,-0.00015443761486103963
0.0046838546453813685,-0.004020261739586462,-0.00015846068067941347
0.0025896773429689734,-0.004016624973592287,-0.00016247912403600284
0.0003627399456178843,-0.004015148764947994,-0.00016649501090527298
-0.0018928881055918845,-0.004015913839027981,-0.00017051054220726096
-0.004089370928693441,-0.004018904968545124,-0.0001745279516110475
-0.006159932936722371,-0.004024029620477832,-0.000178549418905559
-0.008060678905408318,-0.004031139926398897,-0.00018257700367899736
-0.009769633564782427,-0.004040055082633992,-0.00018661260118351381
-0.011283711844911415,-0.004050581755338839,-0.00019065791960250024
-0.012614521408528149,-0.004062530871965559,-0.00019471447591615245
-0.0137836601862656,-0.0040757299627629555,-0.00019878360633351672
-0.01481772725533151,-0.004090030656483754,-0.00020286648664314007
-0.015743054190533363,-0.004105311047206687,-0.00020696415749498528
-0.01658037974630153,-0.004121472764175104,-0.00021107754940067618
-0.017340139692815903,-0.0041384330238946635,-0.00021520750229471106
-0.018019351415785537,-0.004156112769448965,-0.00021935477519138287
-0.018600950320894094,-0.004174422920317305,-0.000223520043036266
-0.019055883301241316,-0.004193251337128372,-0.00022770388016498885
-0.019347553112138066,-0.004212453055335062,-0.00023190673236122056
-0.019437639957622693,-0.004231845651869942,-0.00023612888171482306
-0.01929208103431998,-0.004251210512365914,-0.000240370409796941
-0.01888609151493956,-0.004270299598640543,-0.00024463116485244423
-0.018207449951127164,-0.004288846369373577,-0.0002489107378364513
-0.01725770856745561,-0.004306578948632868,-0.0002532084504954545
-0.016051467281883752,-0.004323233536557537,-0.0002575233567380497
-0.014614308495070248,-0.004338566424446014,-0.0002618542567185515
-0.012980263164861823,-0.00435236371027598,-0.00026619972178591246
-0.011189625344399219,-0.00436444865453061,-0.00027055812796831575
-0.00928760312469523,-0.004374687268765157,-0.0002749276959299636
-0.007323879436358054,-0.004382993010045684,-0.000279306536069369
-0.005352768061410837,-0.004389331333794568,-0.00028369269824128916
-0.0034332631787250905,-0.004393724349414636,-0.00028808422608289375
-0.0016279805603519133,-0.004396254971284174,-0.00029247921574324315
-7.24688418869778e-08,-0.004397068997798771,-0.0002968758777277846
0.0013921960728938022,-0.004396372935996745,-0.00030127259869468237
0.0025026502728253248,-0.004394425512823886,-0.0003056679979190927
0.0033048312422228657,-0.004391521772066362,-0.00031006097156153784
0.003798177335342692,-0.004387970267777579,-0.00031445071758145983
0.0040108960728109065,-0.0043840657310735024,-0.0003188367355808854
0.00399831281437912,-0.004380061126629907,-0.0003232187990097371
0.003836544126047769,-0.004376143698159694,-0.0003275969014221319
0.003612401263042162,-0.004372419225465149,-0.00033197118288394434
0.003411283849803255,-0.004368907382908726,-0.00033634184618813127
0.003305363782254218,-0.004365549059092698,-0.000340709074409132
0.003344323915335363,-0.004362224215243903,-0.0003450729610463003
0.0035501693138328275,-0.004358776968629319,-0.00034943346163823693
0.003916482606057109,-0.004355043642669374,-0.00035379037194388627
0.0044115322461822865,-0.004350879635243254,-0.00035814333358284256
0.004984229642504055,-0.004346181754298911,-0.00036249186427761367
0.00557190929818742,-0.0043409036848285655,-0.0003668354069971774
0.006108862069889011,-0.004335063299144527,-0.000371173390489164
0.006534419810643674,-0.004328741658204261,-0.0003755052929678384
0.006799515353152845,-0.004322074690622363,-0.00037983070114225173
0.006871200389968436,-0.004315239332750802,-0.00038414935815393833
0.006735282383453044,-0.004308436091364091,-0.0003884611958659958
0.006397579177158618,-0.004301869660583785,-0.0003927663487419697
0.005884120427466014,-0.004295728810781473,-0.00039706514797765237
0.005240132383330997,-0.004290166684376074,-0.0004013580957252311
0.004527166508835359,-0.00428528303492999,-0.00040564582058488416
0.0038176235458341826,-0.0042811106399026555,-0.0004099290174223005
0.003186389327729612,-0.004277608633465874,-0.00041420837705898473
0.002700218091871857,-0.0042746653297560736,-0.0004184845140405957
0.002406506152632588,-0.0042721119676338215,-0.0004227579026892906
0.002323805027985634,-0.004269746812043513,-0.00042702883207912926
0.0024364737415228134,-0.004267366672658758,-0.0004312973888214804
0.0026950791223333504,-0.004264800896226831,-0.00043556347260592323
0.003022798036754515,-0.004261941957647287,-0.0004398268440328603
0.0033267607283090444,-0.0042587671782647555,-0.0004440871986008163
0.003512383845354338,-0.004255347605977924,-0.00044834425599293767
0.003498276785518205,-0.004251842275662487,-0.00045259785093375787
0.0032291991880685675,-0.004248478537675694,-0.00045684801134042696
0.0026848400442875202,-0.004245521518059516,-0.00046109501136829456
0.0018828960688759377,-0.004243237650002934,-0.0004653393909523258
0.0008759406701026162,-0.0042418582316334445,-0.000469581938893144
-0.0002572697538719371,-0.004241548896175329,-0.0004738236424570484
-0.0014242878433232077,-0.004242389674973927,-0.00047806561174262304
-0.0025327039600947987,-0.004244368170875636,-0.00048230899066554784
-0.0035024222502536956,-0.00424738573398081,-0.00048655486761797604
-0.004274434488292931,-0.004251274162350084,-0.0004908041975661415
-0.004815091577258858,-0.00425581892538286,-0.0004950577441100079
-0.005115814347450392,-0.004260784378345215,-0.0004993160457618719
-0.0051888101858476275,-0.004265936690611863,-0.0005035794062963505
-0.005059830557786084,-0.004271061010983681,-0.0005078479051471483
-0.004759468132735621,-0.004275970660328941,-0.0005121214209828045
-0.00431479166118601,-0.004280507790225902,-0.000516399660208082
-0.0037429609119831765,-0.004284536666512487,-0.0005206821824364511
-0.003047845608301969,-0.00428793206977263,-0.0005249684168045937
-0.002219949997027996,-0.004290565967575295,-0.0005292576658232676
-0.001239460660139319,-0.004292295672903878,-0.0005335490966435072
-8.193834947159412e-05,-0.0042929563724086834,-0.0005378417226661635
0.001274235319582041,-0.004292360223923628,-0.0005421343809643296
0.002840108296700953,-0.004290303052115487,-0.0005464257126023492
0.004609916744379247,-0.004286578039594947,-0.0005507141531482044
0.00655798109790669,-0.004280994090673804,-0.0005549979392133388
0.008639621782188012,-0.004273395289233757,-0.0005592751339032926
0.010795872260444974,-0.00426367754221244,-0.0005635436703190157
0.012960696541832113,-0.0042517992578113015,-0.0005678014087190275
0.015068887350416827,-0.004237784465865177,-0.0005720462005808658
0.01706304881713733,-0.0042217184977814,-0.0005762759520626891
0.018898723190995816,-0.004203737611777333,-0.0005804886801174685
0.020547321012841194,-0.004184014589675414,-0.0005846825562181949
0.021996932950168066,-0.00416274246269391,-0.0005888559347443796
0.02325146109720455,-0.004140118265670224,-0.0005930073651085617
0.02432877410069815,-0.004116328148071272,-0.0005971355883154324
0.02525858111903778,-0.004091534470461404,-0.0006012395196246988
0.026080386058400098,-0.004065864986872685,-0.0006053182193533659
0.02684138043291976,-0.004039404103627025,-0.0006093708538986157
0.027593748187288727,-0.004012186539316921,-0.0006133966492200876
0.02839092094974766,-0.003984194204748403,-0.0006173948395921203
0.029282884815756673,-0.003955357301865651,-0.0006213646153454273
0.030311239429138243,-0.003925560239743203,-0.0006253050741162318
0.031504844288986075,-0.003894652197884141,-0.0006292151803350454
0.032876585769336185,-0.00386246148285498,-0.0006330937371754149
0.034421456450665466,-0.0038288124617449795,-0.000636939374147715
0.03611601704251361,-0.00379354372499839,-0.0006407505522410867
0.037919390994126397,-0.0037565260209800697,-0.0006445255871140758
0.03977602421732462,-0.003717678313374344,-0.0006482626892812531
0.041620316360763715,-0.0036769801430853,-0.0006519600185094829
0.043382889213304084,-0.003634478540298266,-0.0006556157478511748
0.044997889016991664,-0.003590288151183118,-0.0006592281311969155
0.04641044388225756,-0.0035445839847334936,-0.0006627955672648738
0.04758323288549091,-0.0034975871463496194,-0.0006663166528304154
0.04850115909650473,-0.003449544950358622,-0.0006697902188787696
0.049173394988531995,-0.0034007076733161036,-0.0006732153451906069
0.04963237246938889,-0.0033513047895871433,-0.0006765913514220585
0.04992948191925926,-0.0033015238623928193,-0.0006799177657480485
0.05012763049506677,-0.0032514953061856563,-0.0006831942753323377
0.05029166196644765,-0.0032012856599548992,-0.000686420665815408
0.05047851796922072,-0.0031509005699870652,-0.0006895967589303789
0.05072916389275981,-0.003100296729056075,-0.0006927223575799005
0.051063613440608266,-0.003049400340389391,-0.0006957972061146233
0.051479496561559444,-0.002998128785388307,-0.0006988209706775121
0.05195404767967331,-0.0029464120132676906,-0.0007017932410768401
0.05244906605362917,-0.0028942104564010393,-0.0007047135523116744
0.05291798938459899,-0.0028415269286819252,-0.0007075814210042159
0.05331372220413787,-0.002788411072887557,-0.0007103963900050006
0.05359565284088034,-0.002734956385365048,-0.0007131580737341269
0.05373462142313354,-0.002681291248233041,-0.0007158661975509259
0.05371525944189318,-0.0026275663078005277,-0.0007185206263289428
0.053535804179778226,-0.002573940775989692,-0.0007211213798708378
0.05320609190331625,-0.002520569827948145,-0.0007236686351728067
0.05274482829319768,-0.0024675943678498877,-0.0007261627172707058
0.05217719617646226,-0.0024151333556150577,-0.0007286040811324382
0.051533343023755174,-0.002363278086014949,-0.0007309932868532533
0.0508475759067447,-0.002312087626549699,-0.0007333309697095356
0.0501575993357286,-0.002261585038928462,-0.0007356178060422746
0.04950310908138944,-0.002211754684719903,-0.0007378544759040988
0.048923425682539864,-0.002162541417337938,-0.0007400416239551278
0.04845434427700712,-0.0021138525323581648,-0.0007421798209299758
0.04812477308057282,-0.002065562973679375,-0.0007442695286829946
0.04795395863523679,-0.00201752360782147,-0.000746311071973745
0.04795011937767151,-0.0019695715688150157,-0.0007483046195620633
0.0481110477099164,-0.0019215409852712218,-0.0007502501758391065
0.04842666768417084,-0.0018732721275741783,-0.0007521475823955291
0.04888281664221138,-0.0018246173854109871,-0.0007539965271520217
0.04946498113977654,-0.0017754434865199932,-0.0007557965575879873
0.05016067700705853,-0.0017256306574465756,-0.0007575470946599705
0.05095970808441656,-0.0016750704649008382,-0.0007592474452211442
0.05185238922470341,-0.0016236644162462783,-0.0007608968126617178
0.05282649425805028,-0.0015713249745049015,-0.0007624943073570934
0.053863935643146364,-0.0015179797595543032,-0.000764038959724123
0.054938171394847767,-0.001463578706035306,-0.0007655297389569177
0.05601328739410611,-0.001408102976640829,-0.0007669655797982558
0.05704550920997348,-0.0013515735783387892,-0.0007683454180757456
0.057987360479824855,-0.00129405714349389,-0.000769668233436662
0.058793926067134766,-0.0012356665002204103,-0.0007709330952585191
0.05943003219357601,-0.001176554521090055,-0.0007721392057691743
0.059876840745714026,-0.00111690108462041,-0.0007732859335720295
0.06013641342636992,-0.001056894457534368,-0.0007743728313431069
0.06023321604510322,-0.0009967096427986315,-0.0007753996333932735
0.0602122386880415,-0.0009364869154320592,-0.0007763662316723888
0.060134179705415396,-0.0008763137062353307,-0.0007772726319832224
0.060068648402355936,-0.000816212292181445,-0.0007781188949824308
0.06008644210908023,-0.000756134746925727,-0.0007789050685019843
0.06025178016143261,-0.0006959656357904706,-0.0007796311186933424
0.06061510435087302,-0.0006355321935343178,-0.0007802968676080048
0.06120685855003789,-0.0005746212120838623,-0.000780901944310814
0.06203273654768916,-0.0005130014145349988,-0.0007814457556241234
0.0630711534581643,-0.00045044946953207203,-0.0007819274810661569
0.06427372453048898,-0.0003867770305377454,-0.0007823460943161919
0.06556909413553132,-0.00032185562120473524,-0.0007827004106420631
0.0668698266139141,-0.00025563616083001256,-0.0007829891565330804
0.06808160612882924,-0.00018816044445864089,-0.0007832110548357247
0.06911369834993544,-0.00011956279221925854,-0.0007833649164540637
0.06988935318011011,-5.006126645423576e-05,-0.0007834497284834004
0.07035463310465712,2.0060726688147856e-05,-0.0007834647287532835
0.07048425512252535,9.048017080173909e-05,-0.0007834094583045385
0.07028353771037958,0.00016086406721819155,-0.0007832837861855285
0.0697863124950103,0.00023089899232088648,-0.000783087904655759
0.06904940601161173,0.0003003168515741975,-0.0007828222967338114
0.0681447785438147,0.0003689139438519107,-0.0007824876813360983
0.06715059385367322,0.0004365616300506547,-0.0007820849435491471
0.06614250637010524,0.000503208180162544,-0.0007816150586440405
0.06518636721391505,0.0005688726169545541,-0.000781079018245482
0.06433333260053953,0.0006336324668617813,-0.0007804777657035738
0.06361794582197579,0.000697608106073039,-0.0007798121454171064
0.06305916950396298,0.0007609466637360084,-0.0007790828680322018
0.06266371077392899,0.0008238081038749544,-0.0007782904906483963
0.06243054676053355,0.0008863552326421857,-0.0007774354089801378
0.06235549000280267,0.0009487482510238538,-0.0007765178572383048
0.06243486421306618,0.0010111434281317882,-0.000775537911398727
0.06266767334940815,0.0010736946969130254,-0.0007744954923362045
0.063055946991366,0.0011365565070834125,-0.0007733903667342063
0.06360329997432615,0.0011998861305662586,-0.0007722221454153814
0.06431214861521514,0.0012638438548610291,-0.0007709902804226678
0.06518033965418878,0.001328590098995731,-0.0007696940634457394
0.06619808395280936,0.00139427931079923,-0.0007683326287408419
0.06734602898321604,0.0014610513672672428,-0.0007669049634018086
0.06859498906864551,0.0015290218762931736,-0.0007654099267800285
0.06990728360229834,0.0015982730126286456,-0.0007638462793355676
0.07123905604813387,0.0016688461824538618,-0.0007622127197380263
0.07254275478877106,0.0017407370878723143,-0.0007605079281028632
0.07376937423779584,0.0018138931523855976,-0.0007587306129827342
0.07487081294332969,0.0018882132459761604,-0.0007568795597835534
0.07580313108609799,0.001963550217990874,-0.0007549536780515699
0.07653111229001733,0.0020397173396789316,-0.000752952044272735
0.07703358023208287,0.002116499685939982,-0.0007508739357599255
0.07730809062938905,0.002193670521370718,-0.0007487188506562701
0.0773734160879248,0.002271011274729375,-0.0007464865097582201
0.07726865335966453,0.0023483323094531695,-0.0007441768379661288
0.07704859559713101,0.0024254909339315673,-0.0007417899263444365
0.0767760450750647,0.002502403254267665,-0.0007393259792503368
0.07651265612179192,0.002579047604866093,-0.00073678525382077
0.0763102346660939,0.002655459050260036,-0.0007341680004932069
0.07620403656611999,0.002731716185876143,-0.0007314744128751389
0.07620883431610916,0.0028079226213172576,-0.0007287045934715421
0.07631785878374263,0.0028841859678671836,-0.00072585853917695
0.07650443575205969,0.0029605971151350848,-0.0007229361476354489
0.07672608642999013,0.00303721237622611,-0.0007199372428897682
0.07693070070876992,0.0031140407697954897,-0.0007168616163167575
0.07706397462010556,0.0031910381074599274,-0.0007137090768781297
0.07707686189530272,0.003268108525717632,-0.000710479503561541
0.07693169736512372,0.003345112805347845,-0.0007071728928960083
0.07660601255688347,0.0034218816603088487,-0.00070378939566318
0.07609359963124597,0.0034982314664029133,-0.0007003293390998241
0.07540275267057939,0.003573979642553826,-0.0006967932335453457
0.07455184335696798,0.0036489569405675996,-0.000693181765253785
0.07356278988192803,0.0037230142571870475,-0.0006894957796549076
0.072453642213669,0.003796022473234846,-0.0006857362612896966
0.07123202034147348,0.0038678653045124173,-0.000681904317400823
0.06989104341991896,0.003938426836393114,-0.0006780011713303702
0.06840870123849993,0.0040075767087223236,-0.0006740281695578125
0.06675073691640064,0.004075156427799774,-0.0006699868029895514
0.06487633240513117,0.00414096996246054,-0.0006658787397944212
0.06274532066662866,0.004204780788996419,-0.0006617058644186927
0.06032542678310952,0.004266316162721289,-0.0006574703159428339
0.05759833899726187,0.004325278045611475,-0.0006531745188386675
0.054564095860889464,0.004381359263040551,-0.0006488212001843415
0.05124381397345834,0.004434263217957725,-0.0006444133889438423
0.04768075679045878,0.004483725503339683,-0.0006399543945831937
0.04393935583534908,0.004529535559652588,-0.0006354477640516976
0.0401016288841368,0.00457155605201233,-0.0006308972182458651
0.036260833279859316,0.004609737283094328,-0.0006263065715783118
0.032512958351586095,0.004644124178910051,-0.0006216796408473096
0.028947350771027607,0.004674854333471358,-0.0006170201515911188
0.02563805314221033,0.004702147035427977,-0.0006123316509066691
0.02263727323943078,0.004726284698618797,-0.0006076174350396457
0.019971938527123756,0.004747589304502075,-0.0006028804980380852
0.017643703436745962,0.00476639712548401,-0.0005981235048230922
0.015632199172963487,0.004783035076788865,-0.0005933487887219557
0.013900832035526249,0.004797801592393109,-0.0005885583703873648
0.012404067280280573,0.004810954042051013,-0.0005837539925701427
0.011094921354585096,0.0048227035363684456,-0.000578937163780933
0.009931433342825615,0.004833216713717151,-0.0005741092036558902
0.008881179746976733,0.004842623020262052,-0.0005692712837889006
0.007923210973596446,0.004851025215622339,-0.0005644244596709584
0.007047012457319926,0.0048585103273377965,-0.0005595696918994784
0.006248450711509188,0.004865158058922211,-0.0005547078577063483
0.0055234089005749,0.004871043988728253,-0.0005498397566825231
0.0048607969546724875,0.004876236091655877,-0.000544966116642331
0.004237236666627065,0.004880785108466527,-0.0005400876060422698
0.0036153978233380876,0.004884711425711509,-0.0005352048577751808
0.0029467478837798674,0.004887992498565068,-0.0005303185058130425
0.0021780472821767184,0.0048905548961480465,-0.0005254292321156859
0.0012599208942854598,0.004892273880236278,-0.0005205378177274937
0.00015543463182200132,0.004892981557999332,-0.0005156451900083759
-0.001153328171754798,0.004892482611229366,-0.0005107524579237616
-0.0026622669077935083,0.004890574813689591,-0.0005058609292113021
-0.004346610938612504,0.004887070374766388,-0.0005009721066170741
-0.006166228969703744,0.004881813954812231,-0.0004960876644522848
-0.008073312815021449,0.004874694183919868,-0.0004912094103829188
-0.01002015086208164,0.004865647452081316,-0.00048633923956491816
-0.011964932649447436,0.004854654910325551,-0.0004814790883837147
-0.013874594105832791,0.004841735146947911,-0.000476630893355078
-0.015725013667628327,0.00482693534306118,-0.0004717965581100734
-0.017499654765580235,0.004810323008844576,-0.00046697792893412053
-0.019187747848553087,0.004791979307537509,-0.0004621767777759295
-0.020782650125779803,0.004771994108550343,-0.0004573947910678856
-0.022280545425770112,0.004750462510774568,-0.00045263356275822313
-0.023679356070241964,0.004727482560026562,-0.00044789459022282255
-0.024977714634090636,0.004703154024674396,-0.0004431792719304721
-0.02617406201674606,0.004677578136348978,-0.0004384889058499604
-0.027266236341894103,0.004650857987169658,-0.0004338246877882011
-0.028252063368339065,0.0046230988373145415,-0.000429187709375959
-0.029131216200499657,0.0045944071975301225,-0.0004245789563585367
-0.02990796639423314,0.004564887606232756,-0.00041999930895665524
-0.030593846141720244,0.00453463669996478,-0.00041544954680355645
-0.031209208192688572,0.004503735172797575,-0.0004109303608671753
-0.031783170832097966,0.0044722389832851815,-0.0004064423737891339
-0.032351950881242784,0.004440171422428511,-0.00040198616858627706
-0.03295576521142555,0.004407517564382177,-0.0003975623240928717
-0.03363443282052129,0.0043742224653662036,-0.0003931714540779975
-0.034421866033114305,0.004340194315939386,-0.00038881424568734473
-0.03534001234179191,0.004305313376751933,-0.00038449149184099907
-0.036393399824452784,0.004269446670668811,-0.0003802041118172887
-0.03756583601046423,0.004232467052751352,-0.00037595315495557864
-0.03882058216576993,0.004194273843663235,-0.00037173978450737134
-0.040104430550145426,0.004154811337305277,-0.00036756524191688706
-0.0413549379310217,0.004114081653064694,-0.00036343079542170206
-0.04250912592195001,0.004072149621138208,-0.0003593376797846006
-0.04351163036930241,0.004029139242992582,-0.0003552870353525352
-0.04432069620460083,0.0039852230797056305,-0.0003512798541911861
-0.04491136175833472,0.003940607050724162,-0.00034731693912597124
-0.045276170872891194,0.0038955132844085494,-0.0003433988789584049
-0.045424314621520565,0.0038501630416613434,-0.00033952604079536995
-0.045380069555196884,0.003804760849572985,-0.0003356985788497528
-0.04518094997091237,0.00375948033980993,-0.00033191645825506136
-0.04487549070214629,0.003714452119473401,-0.0003281794920254197
-0.044520339974818246,0.0036697542041349185,-0.00032448738886361556
-0.04417646246403884,0.00362540580291549,-0.00032083980886009035
-0.0439046172564501,0.0035813652630552455,-0.00031723642332710496
-0.043760674938619445,0.003537532616957711,-0.0003136769743870985
-0.04379152542678742,0.0034937565167750075,-0.00031016132982023215
-0.044032179318770404,0.0034498446644022286,-0.0003066895292296435
-0.04450433738175965,0.0034055764060519638,-0.00030326181869441644
-0.045216384558474564,0.003360716045081847,-0.00029987867246884954
-0.04616440324763341,0.003315025651178793,-0.0002965408016207192
-0.047333424195617646,0.0032682767374571675,-0.00029324915042640125
-0.048698099588000206,0.0032202609755653585,-0.00029000488156988996
-0.05022244140400834,0.003170800705069354,-0.0002868093507295726
-0.05185883613204994,0.003119760066301325,-0.0002836640703438873
-0.05354690441912788,0.003067057196025736,-0.00028057066171272374
-0.05521305515038944,0.0030126772162409774,-0.00027753079450659035
-0.05677188571036237,0.0029566847458106014,-0.00027454611352556457
-0.058130565370241354,0.0028992335202702997,-0.0002716181543925241
-0.05919662707543626,0.0028405699240474608,-0.00026874825267036523
-0.05988834812447249,0.0027810274364475063,-0.00026593745399011774
-0.06014580355425743,0.0027210103606081413,-0.0002631864350915899
-0.059940314724257426,0.002660967301468884,-0.0002604954462605514
-0.05928039555163169,0.0026013569463309394,-0.0002578642841366515
-0.058213011231937374,0.0025426102429391547,-0.00025529230054201647
-0.056819703920649146,0.0024850938853628614,-0.00025277844847786547
-0.0552079008812771,0.0024290800829618983,-0.0002503213614937031
-0.053498549077293664,0.002374726857982613,-0.00024791945802323087
-0.05181198295841851,0.002322071591964757,-0.0002455710587982572
-0.05025439157005208,0.0022710384047005218,-0.00024327450379992458
-0.04890720812786044,0.0022214576048515656,-0.00024102825579514853
-0.04782107876993013,0.0021730934614026705,-0.00023883098026202142
-0.047014886570519644,0.0021256754787324457,-0.00023668159579195386
-0.04647908556367461,0.0020789284926653485,-0.00023457929380625496
-0.046181863854774165,0.002032598017956124,-0.00023252353055094424
-0.04607652264893394,0.00198646882470427,-0.00023051399712961405
-0.04610867930346971,0.0019403762237280681,-0.00022855057460539788
-0.046222277228569704,0.0018942107454620483,-0.0002266332811208028
-0.0463639129310869,0.00184791765038222,-0.0002247622169228807
-0.046485628024719935,0.0018014928799043165,-0.00022293751165773743
-0.046546815186383456,0.0017549766582987648,-0.0002211592768886359
-0.04651597667139779,0.0017084452623698741,-0.00021942756592830157
-0.04637270597495471,0.001662000921046698,-0.00021774234283659328
-0.04610967212023024,0.0016157597319991055,-0.00021610346251007038
-0.04573393629815578,0.0015698379277899125,-0.00021451066368017587
-0.04526689508650634,0.0015243375120975815,-0.00021296357596023213
-0.044742495910882966,0.001479332816598887,-0.0002114617407958839
-0.044203777459447494,0.0014348596799137216,-0.00021000464454762758
-0.04369798840539072,0.0013909087969813025,-0.00020859176030918006
-0.04327066110314061,0.0013474244722270368,-0.00020722259367457588
-0.042959300921877434,0.0013043094912145278,-0.0002058967266928551
-0.04278770034420636,0.001261435990581486,-0.00020461385395195708
-0.04276200890764572,0.00121866113595556,-0.00020337380538868857
-0.042869500820369895,0.0011758453810915522,-0.000202176552130165
-0.043080574298616586,0.001132870343532059,-0.0002010221942678532
-0.04335391043246137,0.00108965310116652,-0.0001999109325455039
-0.04364393586900558,0.0010461541780157865,-0.00019884302890591275
-0.043909005421304444,0.0010023777073706315,-0.00019781876296321954
-0.04411838890784378,0.0009583640102060574,-0.0001968383921044312
-0.04425639474029228,0.0009141766183819894,-0.00019590212179013716
-0.04432271717329183,0.0008698870624251974,-0.00019501008994973358
-0.04432907152185273,0.0008255611680776251,-0.00019416236583448218
-0.044293046396009526,0.0007812501091186939,-0.000193358960195884
-0.044230659992508435,0.0007369882559244349,-0.00019259984101336244
-0.04414933128764232,0.0006927982602843595,-0.00019188494775525806
-0.044042916674211695,0.0006487021363034325,-0.00019121419755696416
-0.04389016558170137,0.000604735595175476,-0.00019058747869122472
-0.043657360933654826,0.0005609618319177979,-0.0001900046299776781
-0.04330494599052459,0.0005174806784557082,-0.00018946540872249133
-0.04279675567636673,0.00047442982762226256,-0.00018896945346945235
-0.0421095336094601,0.0004319766829793491,-0.00018851625021415154
-0.04124020745212436,0.0003903018124485569,-0.00018810511096643758
-0.04020905929266403,0.0003495771790761627,-0.00018773517147067521
-0.03905813365443407,0.00030994358260261364,-0.00018740541108983584
-0.03784539584307812,0.00027149181785385756,-0.0001871146933896076
-0.036635909651326605,0.0002342511651066552,-0.00018686182189812735
-0.035491647078567556,0.0001981873867417081,-0.00018664560262220318
-0.034461593234021905,0.00016321076658541337,-0.0001864649035455396
-0.03357357312430659,0.0001291931834062491,-0.00018631870157054378
-0.032828746043834595,9.599202382217852e-05,-0.00018620610896692957
-0.03219922344811034,6.347803907620606e-05,-0.00018612637393548037
-0.03162899440524555,3.1563930149528115e-05,-0.00018607885295086752
-0.031038250690791445,2.3030760150961492e-07,-0.000186062955831992
-0.030331029792237507,-3.045433264000486e-05,-0.00018607806784451126
-0.029405641572034194,-6.032266832214071e-05,-0.00018612345634499235
-0.028166769384145994,-8.910887380023081e-05,-0.00018619817211605353
-0.026537859120563632,-0.00011646118805258562,-0.00018630095714697995
-0.024472585448124064,-0.00014196641033692946,-0.0001864301709461747
-0.021964420633695324,-0.00016518491337783915,-0.00018658374660803208
-0.019053177076982217,-0.0001856937122331779,-0.00018675918592083758
-0.01582702634378292,-0.00020313381394356048,-0.00018695359968392595
-0.012418616330126012,-0.00021725663528051494,-0.00018716379490853798
-0.008994887664799684,-0.00022796338727797778,-0.00018738640491981724
-0.005741573932300991,-0.0002353316180765281,-0.00018761805242249448
-0.0028443823555539542,-0.00023962459622045557,-0.00018785553052964296
-0.000469246676031795,-0.00024128141073624844,-0.00018809598353312131
0.0012558139413376293,-0.00024088812710359553,-0.00018833706830204122
0.0022545899548172877,-0.00023913292515551806,-0.0001885770788281708
0.002510033412482745,-0.00023675061347186804,-0.0001888150205974845
0.002064030488407578,-0.0002344635815214229,-0.00018905062769498113
0.0010103702180617657,-0.0002329263811681882,-0.00018928432267632594
-0.0005169959399470847,-0.00023267969402913086,-0.0001895171257139246
-0.0023580652925755457,-0.00023411722464539218,-0.00018975052417326185
-0.004341339518501379,-0.00023746692705093066,-0.00018998631624911
-0.006297292915530458,-0.00024278624326794657,-0.00019022644283426943
-0.008069477403947454,-0.00024996962842768555,-0.00019047282077011725
-0.009522390958954303,-0.0002587655626091364,-0.00019072718836563566
-0.010545939014526617,-0.00026879972759587684,-0.00019099097101073816
-0.01105716664114598,-0.00027960128042371315,-0.00019126517151474797
-0.01100058284791559,-0.0002906301551682439,-0.00019155028723254395
-0.01034845549277399,-0.0003013046743385887,-0.00019184625464729735
-0.00910177162726733,-0.0003110297878986094,-0.00019215242187841595
-0.007291492558477812,-0.000319226419991482,-0.000192467549982361
-0.004979022303515314,-0.00032536167742247855,-0.00019278984403106798
-0.0022548792915209523,-0.0003289786282199967,-0.00019311701418388923
0.0007648821518026407,-0.00032972362678985583,-0.00019344636531139415
0.003944454951807807,-0.0003273689582380506,-0.0001937749116039081
0.007135960618471009,-0.0003218287504529112,-0.0001940995104582536
0.01018858694703017,-0.0003131664766701606,-0.0001944170080718151
0.012958641477154554,-0.0003015928624580683,-0.00019472438774137922
0.015319853182757475,-0.00028745361512811225,-0.0001950189109801723
0.017173023184768644,-0.0002712071769443492,-0.00019529824137620854
0.018453858921978625,-0.0002533937358909755,-0.00019556054183262622
0.019137771106252564,-0.00023459792087685992,-0.00019580453766101014
0.01924075607353436,-0.00021540865728696647,-0.00019602954095009206
0.018816147123837227,-0.00019638020568828068,-0.00019623543538157967
0.017947710646697625,-0.00017799827680301325,-0.00019642262462282533
0.016740065378479954,-0.00016065438879042445,-0.00019659195095562206
0.01530771017772193,-0.0001446305010123235,-0.00019674459340052343
0.013764106476093338,-0.0001300945926854159,-0.0001968819559473723
0.012212205543762143,-0.00011710643667548815,-0.00019700555646205275
0.01073746063861913,-0.00010563160358429752,-0.00019711692548218264
0.009403815788481934,-9.556096537074699e-05,-0.00019721752176666017
0.008252615049951428,-8.673274995153032e-05,-0.00019730866862432132
0.007303961546452191,-7.895446165332851e-05,-0.00019739151223012374
0.006559828281133425,-7.202256673953571e-05,-0.00019746700074432016
0.006008198561959402,-6.57385533179893e-05,-0.00019753588130434893
0.005627643965397387,-5.99206320543109e-05,-0.0001975987108970351
0.00539192738542001,-5.44108463789022e-05,-0.00019765587663625169
0.00527434259123266,-4.907771139057587e-05,-0.00019770762091513643
0.00525147636606483,-4.381480191192712e-05,-0.00019775406717178768
0.005305903387156573,-3.853611203531641e-05,-0.0001977952426287613
0.005427233051926853,-3.31695438157747e-05,-0.00019783109545668686
0.0056112314676568685,-2.765031155598284e-05,-0.00019786150538437275
0.005857403263110363,-2.1915994190599223e-05,-0.00019788628853724603
0.006166002890172379,-1.5904291113957853e-05,-0.0001979051986798983
0.006535519838885248,-9.55352974942904e-06,-0.00019791792759033
0.0069611718823865834,-2.8051838887931234e-06,-0.00019792410694714912
0.00743424046929648,4.392522287048409e-06,-0.00019792331327795
0.007941750682760191,1.2080517863076744e-05,-0.00019791507675787494
0.008466196648760896,2.028449152883729e-05,-0.00019789889425317898
0.008985447686194763,2.901031369631512e-05,-0.0001978742468505664
0.009473280548805486,3.8239677813815245e-05,-0.00019784062185481131
0.009900926592870408,4.792678138465319e-05,-0.00019779753862521208
0.010239605601532606,5.79970474818547e-05,-0.00019774457671077882
0.010463626523780288,6.834866354451114e-05,-0.00019768140385526564
0.010553635957665185,7.885729478523388e-05,-0.00019760780087610077
0.01049979002716859,8.938400777765077e-05,-0.00019752368022481933
0.01030451725130379,9.978616141688696e-05,-0.00019742909514022206
0.009984093851876033,0.00010993046696847688,-0.00019732423682602938
0.009568015355104821,0.0001197065215719673,-0.00019720941833175915
0.00909559146144551,0.00012903832498024247,-0.00019708504590848304
0.008610188781084039,0.00013789121510150726,-0.00019695158113844217
0.008152498902739202,0.00014627255894341886,-0.0001968094992514197
0.007754516019386105,0.0001542260664044815,-0.00019665924993874577
0.00743541276168024,0.00016182103079501469,-0.00019650122639014602
0.007199659339402506,0.00016913856684555605,-0.00019633574659132575
0.007037189706719213,0.0001762569913686169,-0.00019616304881221866
0.006925337127480539,0.00018323825478571679,-0.0001959833011891415
0.006832257154071723,0.00019011705192649293,-0.0001957966235357854
0.0067213625676271396,0.00019689386178734235,-0.00019560311807892847
0.006556083349563157,0.0002035325847459375,-0.00019540290485566184
0.0063042481829756174,0.00020996275051220689,-0.00019519615718803276
0.005941522929193302,0.00021608563606829136,-0.00019498313299474252
0.005453538421301066,0.00022178316674353855,-0.00019476419859333662
0.004836585879989989,0.00022692822889418406,-0.00019453984289551776
0.004097001108580687,0.0002313950223884694,-0.00019431068126987642
0.0032494793815398973,0.0002350682626335297,-0.00019407744962736542
0.0023145908296142554,0.0002378502977391068,-0.0001938409903471791
0.0013159083993203341,0.00023966554735357408,-0.00019360223242463276
0.000277457185289892,0.00024046223014587918,-0.00019336216853588304
-0.0007776668813340617,0.0002402121252978571,-0.00019312183135816117
-0.0018269854904333783,0.00023890979911197336,-0.00019288227039595626
-0.002846786051170888,0.00023657291334117122,-0.0001926445290397297
-0.003809481429627348,0.0002332447796007721,-0.00019240962019325872
-0.004681173847062841,0.00022899945196242703,-0.00019217849807747712
-0.0054203793396728935,0.00022394867536905917,-0.00019195202401381137
-0.005978710525357214,0.0002182491304365441,-0.00019173092511090857
-0.00630397075001719,0.0002121077897988569,-0.00019151574665079088
-0.006345541787945277,0.00020578303352987567,-0.0001913068012391265
-0.006061401285973639,0.0001995795619929162,-0.0001911041199413651
-0.005425793323245526,0.00019383596468830662,-0.0001909074121780245
-0.0044363428730547685,0.00018890489659015647,-0.00019071604174738526
-0.0031191611342698115,0.0001851271445864942,-0.00019052902572679693
-0.0015305789781066485,0.00018280227453030596,-0.00019034506101723854
0.00024516188824053655,0.0001821595659853729,-0.0001901625800969807
0.002101966796093861,0.0001833331303275401,-0.00018997983374882424
0.003920722454065892,0.00018634447495261997,-0.00018979499494618416
0.005579740530844416,0.00019109470644507512,-0.0001896062753554853
0.006965745814219209,0.00019736744961760695,-0.00018941204427745396
0.007984452441096565,0.00020484254874526483,-0.00018921093927827252
0.008569744259237684,0.00021311964709543196,-0.00018900195818035218
0.008690432477674433,0.000221749735463888,-0.0001887845234890725
0.008353726678347839,0.00023027181504189914,-0.0001885585127138196
0.007604934272857997,0.00023825114551750205,-0.0001883242512335399
0.006523284123033697,0.0002453152547154479,-0.00018808246803342344
0.005214042306133848,0.00025118391793003167,-0.0001878342184471007
0.0037973681144468138,0.000255689623140322,-0.0001875807816765655
0.00239476462995298,0.0002587856895125219,-0.00018732354402023908
0.001114497113165674,0.0002605403203840812,-0.00018706388101529079
3.7880953573369555e-05,0.00026111650941745075,-0.00018680305260039
-0.0007913152544778048,0.00026073979226699855,-0.00018654212444954777
-0.0013722121798029436,0.0002596580285498582,-0.00018628192553913934
-0.001745493640951164,0.0002580991756394811,-0.00018602304693704467
-0.0019852358523720745,0.0002562338108928195,-0.00018576588044377852
-0.002185082589815541,0.0002541486516717257,-0.00018551068921249624
-0.002440996758986566,0.0002518356119973246,-0.00018525769708066173
-0.002833298213956419,0.00024919846451085313,-0.00018500718004240763
-0.0034107244602796386,0.0002460764531737351,-0.00018475954258356534
-0.0041790609524998456,0.00024228156046734537,-0.0001845153635767448
-0.00509649884546778,0.00023764378056836155,-0.00018427540090622696
-0.006077033729220316,0.0002320570142810175,-0.0001840405505088023
-0.007001773548504593,0.00022551761064215506,-0.0001838117631963407
-0.007736344100624298,0.0002181485518175906,-0.00018358993011511083
-0.00815136852348568,0.00021020469550553562,-0.00018337575349144927
-0.008142644512774168,0.0002020576889874057,-0.0001831696222992028
-0.007647931350648401,0.00019416240105569443,-0.00018297151225418125
-0.006657799068594261,0.0001870095358460731,-0.00018278092628573036
-0.00521873169969402,0.00018107127046192896,-0.00018259688588257637
-0.003427757249750805,0.00017674802598720656,-0.0001824179762343518
-0.0014192290805695334,0.0001743245328220464,-0.00018224243995494717
0.0006542311897341255,0.0001739420338766287,-0.00018206830667159783
0.0026434124893990594,0.0001755908557161953,-0.00018189354022680142
0.004422903287792311,0.00017912401360479097,-0.00018171618279214091
0.005906566883239819,0.00018428874869030705,-0.00018153447641099335
0.0070558824231608305,0.00019076997334350739,-0.00018134694704997645
0.007880909016197445,0.00019823836906318653,-0.00018115244287877311
0.008435262834099101,0.0002063964549883348,-0.00018095012546674735
0.008807132119402324,0.0002150176524650855,-0.00018073941841302064
0.009108082060163508,0.0002239752595548684,-0.00018051992195701065
0.009460893556359424,0.0002332597473631299,-0.00018029130445355166
0.00998742952200902,0.00024298390890231412,-0.00018005318262541894
0.010797385866796556,0.0002533763165967169,-0.00017980500251266944
0.011978479859853702,0.00026476424946004205,-0.00017954593222964106
0.013588333732171947,0.0002775476562560549,-0.000179274776276783
0.01564838448058994,0.00029216601536243583,-0.00017898991944097375
0.018140526030782107,0.00030906047061812184,-0.00017868930619798347
0.021007398422342522,0.00032863443284468415,-0.00017837045874625207
0.024156935882174664,0.00035121659999694276,-0.00017803053322983125
0.02747105502404328,0.0003770305954500517,-0.00017766640963210776
0.030817518762070707,0.0004061748823431087,-0.00017727480689321118
0.03406331545319384,0.000438615299450741,-0.00017685241180231425
0.037087548239260276,0.00047419073129696806,-0.00017639600878694038
0.03979196382656756,0.000512630487329882,-0.00017590259817762695
0.04210779059824634,0.000553580364542289,-0.00017536949275169086
0.043998288169146034,0.0005966334039259852,-0.00017479438586745673
0.04545716305120296,0.0006413611295361597,-0.00017417538860072565
0.04650365791440364,0.000687341540018963,-0.00017351103726594809
0.047175542173726534,0.0007341811400630281,-0.0001728002759259071
0.04752135242207606,0.0007815295873609294,-0.0001720424205621951
0.04759310830293116,0.0008290868177234331,-0.00017123711235965294
0.047440447022056076,0.0008766035953859266,-0.00017038426715309827
0.047106710067182075,0.0009238771739305458,-0.00016948402676844002
0.046626978433154956,0.0009707440181807143,-0.0001685367161723844
0.04602745625855329,0.0010170712355265683,-0.00016754280854553076
0.045325220065188264,0.0010627475736884392,-0.00016650289914092324
0.04452757127220512,0.0011076739693571358,-0.00016541768836940044
0.04363111731535755,0.001151753313650917,-0.00016428797472789643
0.04262167755050214,0.0011948797110838468,-0.00016311465821552905
0.04147633055910002,0.001236928715138648,-0.0001618987540024178
0.04016813898054744,0.0012777509499084716,-0.00016064141416989423
0.038672889588457514,0.001317171464192974,-0.0001593439529628435
0.03697636444584528,0.0013549960912101254,-0.00015800786918514196
0.03508054052672275,0.0013910245436964093,-0.0001566348588676887
0.033007483581053515,0.0014250685557502974,-0.00015522681231796534
0.030800180468805904,0.001456972387775227,-0.00015378579184620257
0.028519979760956958,0.0014866324678901085,-0.0001523139894183699
0.02624077744716808,0.0015140128464941711,-0.00015081366676117776
0.024040698584610422,0.0015391535845100603,-0.00014928708354567565
0.021992677943505748,0.0015621702727741183,-0.00014773642161703356
0.02015572364478198,0.0015832444735682622,-0.00014616371424386237
0.018568469238220222,0.0016026065700097633,-0.00014457078872207336
0.017245884769174356,0.0016205137470134605,-0.00014295922856356175
0.016179099504741605,0.0016372262391504185,-0.00014133035857047982
0.015337645401139587,0.001652984611603359,-0.00013968525314510293
0.014673233360630016,0.0016679900509842438,-0.00013802476581380914
0.01412432230818067,0.001682388828818649,-0.00013634957637390769
0.013621056329465133,0.001696261518137472,-0.0001346602512004296
0.013090388987255942,0.0017096172407958326,-0.00013295731182096297
0.012461203356846405,0.0017223930369678838,-0.0001312413066820811
0.01166908212689281,0.0017344581797097535,-0.0001295128810737423
0.01066034239114131,0.0017456228919687706,-0.00012777284053790302
0.009395100973584123,0.0017556506136511333,-0.00012602220378509307
0.007849373737886722,0.0017642728510068686,-0.00012426224205276407
0.006016396470280052,0.001771205736110952,-0.00012249450275920515
0.003907376430437964,0.001776167622561311,-0.00012072081607986903
0.0015517181840464804,0.0017788971698685532,-0.0001189432836836541
-0.0010035251198038803,0.0017791712664006745,-0.00011716424946551948
-0.0036954935485215773,0.0017768217570665117,-0.00011538625295378588
-0.006449130590391751,0.001771749444997055,-0.0001136119673527541
-0.009182482958861087,0.0017639336382224285,-0.00011184412581114436
-0.01181285936157468,0.0017534359670622107,-0.00011008544100850204
-0.014262713580694374,0.0017403981805910762,-0.0001083385239346754
-0.016464479423451257,0.0017250345840890034,-0.00010660580755233536
-0.01836416293002371,0.001707620262912266,-0.00010488948012883473
-0.019923779634013164,0.0016884762916302475,-0.00010319143185156347
-0.021122684141963322,0.0016679530597422591,-0.00010151321717587722
-0.02195778401859418,0.0016464128256619803,-9.985603423317509e-05
-0.02244275125421628,0.001624212558025575,-9.822072154133131e-05
-0.02260654336077123,0.0016016879107180813,-9.660777130695948e-05
-0.022491586820013593,0.0015791388456276889,-9.50173579287866e-05
-0.022151732307493652,0.0015568171860639351,-9.34493799129408e-05
-0.021649722648310343,0.0015349164585860332,-9.190351309061582e-05
-0.021053777136114903,0.0015135647086938207,-9.037927250697588e-05
-0.020433187589064376,0.001492821226331231,-8.887607953946336e-05
-0.019853363038514007,0.0014726779510174418,-8.739332995078903e-05
-0.019371187008983635,0.001453065675993693,-8.593045813728347e-05
-0.019031645144009998,0.0014338642599171962,-8.448699316932802e-05
-0.018866441998883265,0.0014149152163457496,-8.306260343119654e-05
-0.018894814403072096,0.0013960345881447718,-8.165712852895128e-05
-0.01912605926180465,0.0013770241513123335,-8.027059915922273e-05
-0.0195627227510956,0.0013576797603058832,-7.890324720341362e-05
-0.020203354288842557,0.001337796721785914,-7.755550896236772e-05
-0.02104427922913709,0.0013171729050269242,-7.62280241489613e-05
-0.022080516940194576,0.0012956105069422583,-7.492163244297672e-05
-0.023306184358683413,0.0012729171562928193,-7.363736861135918e-05
-0.02471438053879789,0.0012489068738440786,-7.237645659629074e-05
-0.026296122921749033,0.0012234016221138052,-7.114030234831179e-05
-0.028037954138859154,0.001196234583583501,-6.993048424546313e-05
-0.02991845343794477,0.001167256379795099,-6.874873876377383e-05
-0.03190466547707866,0.0011363448203375872,-6.759693816370748e-05
-0.03394987238171512,0.0011034175514081904,-6.64770569778346e-05
-0.03599393361889091,0.0010684456484078874,-6.539112537792656e-05
-0.03796674863160594,0.001031465307282639,-6.43411699000813e-05
-0.03979453751041542,0.0009925846642116283,-6.332914491433416e-05
-0.04140776143984158,0.0009519835147364998,-6.23568608248601e-05
-0.0427488216603286,0.0009099052231864148,-6.142591645589864e-05
-0.04377751108195025,0.0008666420568152754,-6.0537642815897794e-05
-0.04447274670111311,0.0008225169279237437,-5.9693063323528285e-05
-0.044830253213100024,0.0007778654279666372,-5.889287214558309e-05
-0.04485720907626251,0.0007330216968219559,-5.81374285831888e-05
-0.044565873637042036,0.0006883101554653036,-5.742676265704517e-05
-0.043968415446747,0.0006440430109234092,-5.676058607385081e-05
-0.043074516327038154,0.0006005215450365166,-5.613830379587085e-05
-0.04189228367225425,0.0005580381450368704,-5.5559023950834156e-05
-0.04043202904379077,0.0005168759886788479,-5.50215668839763e-05
-0.03871171655898404,0.00047730411587746047,-5.4524476831698145e-05
-0.03676242470227367,0.0004395670452468316,-5.4066041251136e-05
-0.03463220126714798,0.0004038697322621208,-5.364432286238152e-05
-0.03238732501799457,0.00037035996911954954,-5.3257208011690685e-05
-0.03011092322297558,0.0003391108449990645,-5.2902472604631376e-05
-0.027899509177302502,0.00031010562879892544,-5.257786436773238e-05
-0.025857905259392182,0.0002832269215805781,-5.228119809254263e-05
-0.024092557201096362,0.00025825169035033384,-5.2010458786577175e-05
-0.02270319236114202,0.00023485381556921466,-5.17639060336174e-05
-0.02177341420706835,0.00021261551228510947,-5.154017136969024e-05
-0.021361675738669605,0.0001910479673122405,-5.133833962989156e-05
-0.021494449692570142,0.00016961990459662062,-5.115800569393713e-05
-0.022162990403062743,0.00014779118454880417,-5.099930014936442e-05
-0.023324064366040186,0.00012504765716425271,-5.0862880728507894e-05
-0.02490399298645086,0.00010093362848800719,-5.0749890085681766e-05
-0.026804838027408743,7.507921298107739e-05,-5.066188366494723e-05
-0.028911680891450107,4.7220953521647963e-05,-5.060073358169587e-05
-0.0311004206610699,1.721490274538796e-05,-5.056851565356235e-05
-0.03324596164670722,-1.4958288408500601e-05,-5.056738734639391e-05
-0.03523082733570228,-4.919668289970535e-05,-5.059946483204802e-05
-0.03695406781595159,-8.528913047553229e-05,-5.066670773873564e-05
-0.03833991452438261,-0.0001229361216456994,-5.077082036479625e-05
-0.039345172880951046,-0.00016177866534836623,-5.0913177758293286e-05
-0.03996409077249446,-0.00020143329717508897,-5.1094783739555014e-05
-0.04022960854019527,-0.00024153014683143384,-5.1316265461558275e-05
-0.040210454964385654,-0.0002817501785837243,-5.157790562426586e-05
-0.04000423423029464,-0.00032185752318106444,-5.187970947514825e-05
-0.03972721908289821,-0.00036172324983766086,-5.2221499861657613e-05
-0.039502005719641874,-0.0004013378622389309,-5.260303041769591e-05
-0.03944453668056174,-0.0004408111334390327,-5.302410491553489e-05
-0.03965217308137614,-0.00048035948832000165,-5.3484690226414406e-05
-0.040194317382473026,-0.0005202827335519262,-5.398501133735037e-05
-0.04110651941801327,-0.0005609331519521694,-5.4525619280102415e-05
-0.042388314458283616,-0.0006026805688903179,-5.510742614052366e-05
-0.044004576117315564,-0.0006458770141781174,-5.5731704932057875e-05
-0.0458899723853395,-0.000690824288429445,-5.640005558336166e-05
-0.0479560139273885,-0.000737747281585809,-5.7114341368369284e-05
-0.05010002860445646,-0.0007867753028517315,-5.787660266058805e-05
-0.05221516126123279,-0.0008379328977845762,-5.86889567609062e-05
-0.05420027427110926,-0.0008911406155507472,-5.9553493517573864e-05
-0.0559685789802344,-0.000946225042176419,-6.0472176346437446e-05
-0.057454083946694594,-0.0010029363736398834,-6.14467570543456e-05
-0.058615421812657734,-0.0010609711265195595,-6.247871080442532e-05
-0.05943703012876535,-0.001119997352490271,-6.356919504393024e-05
-0.05992776790625079,-0.001179679751507779,-6.471903359592926e-05
-0.06011690973674139,-0.0012397020903292752,-6.592872451684779e-05
-0.060047452957483816,-0.0012997842716763878,-6.719846769785061e-05
-0.05976717219236465,-0.001359691584251312,-6.852820562581446e-05
-0.05931877607770037,-0.0014192345583863444,-6.991766869713328e-05
-0.05873124525305658,-0.0014782595690517228,-7.136641576085232e-05
-0.058014335631060863,-0.0015366323594937815,-7.287386172512507e-05
-0.05715731463328033,-0.0015942181846259522,-7.443928699718494e-05
-0.056131857110381045,-0.0016508627704977829,-7.60618274747468e-05
-0.054898201189505655,-0.0017063777996477263,-7.774044775981956e-05
-0.05341318670576544,-0.001760533493595362,-7.94739034064411e-05
-0.05163849106784941,-0.0018130593324821693,-8.126069981947986e-05
-0.04954729564246858,-0.0018636522258373284,-8.309905559863961e-05
-0.04712797030326299,-0.0019119898588101942,-8.498687664096337e-05
-0.04438419297642082,-0.0019577459404500363,-8.692174454059349e-05
-0.04133199624861876,-0.002000604035062556,-8.890091952834979e-05
-0.037995142891249056,-0.00204026760463249,-9.092135534819731e-05
-0.034400599823846516,-0.0020764654759900377,-9.297972188850857e-05
-0.03057563019918695,-0.0021089535910015543,-9.507243142200436e-05
-0.026547344380345374,-0.0021375150782913205,-9.71956657566508e-05
-0.022344671325446375,-0.0021619610861442163,-9.934540383886856e-05
-0.018001904421316876,-0.0021821343740175978,-0.00010151745156894947
-0.013562552051330034,-0.002197916602253921,-0.00010370747705708523
-0.009082270768441487,-0.0022092390136638066,-0.00010591105486504409
-0.0046299690870774245,-0.002216095133591566,-0.00010812372193867178
-0.00028655198309917717,-0.0022185533941266543,-0.00011034104620253089
0.0038587863370315866,-0.002216767276949688,-0.00011255870653806906
0.007714351162345942,-0.0022109807081999995,-0.0001147725805306439
0.011193077947873532,-0.0022015269936448895,-0.00011697883438156635
0.014220100272701739,-0.0021888204045346017,-0.00011917400808065609
0.016739964315551758,-0.002173340372240475,-0.00012135508846904363
0.018723004354315453,-0.0021556088879055415,-0.00012351956309911665
0.020170538800524065,-0.0021361621163281217,-0.00012566544860123348
0.021118288753657732,-0.0021155177025510307,-0.00012779128851067307
0.02163704130920687,-0.0020941400375195985,-0.00012989611738070837
0.02182960197471673,-0.002072406715877637,-0.000131979390757407
0.021823685460617505,-0.0020505800721599696,-0.00013404088415142578
0.021761302124224495,-0.0020287875783675485,-0.00013608056797668954
0.021785981525140104,-0.002007013936542866,-0.00013809846873414475
0.022029549619186434,-0.001985106170970703,-0.00014009452878790155
0.022600106683239626,-0.0019627913428194896,-0.00014206847754479664
0.02357250961570541,-0.001939705034670017,-0.0001440197257335414
0.024982234436641656,-0.0019154276626438434,-0.00014594729208219833
0.02682303055841931,-0.001889525030146313,-0.0001478497684285934
0.02904827482725271,-0.001861589377453477,-0.0001497253256323933
0.03157551526692464,-0.0018312774824063884,-0.00015157175906232323
0.034293546538660624,-0.0017983429515035956,-0.00015338656927927822
0.03707148574417467,-0.001762660435362178,-0.0001551670709727111
0.03976944641568776,-0.0017242399692822467,-0.00015691052117503332
0.04225022094205711,-0.0016832301356033742,-0.00015861425622747612
0.044390913952196645,-0.0016399095681562473,-0.00016027582607935594
0.04609314784259894,-0.0015946675372588495,-0.0001618931146320635
0.047290606255642076,-0.001547975660209729,-0.0001634644362307978
0.04795317054275969,-0.001500353771810528,-0.00016498860094680791
0.048087420783416414,-0.0014523334761474401,-0.0001664649445707869
0.04773365275253839,-0.0014044229393794627,-0.00016789332277855035
0.04695984319954969,-0.0013570761914034185,-0.00016927407234394178
0.04585329353394541,-0.001310669623036671,-0.00017060794525116182
0.04451104276274925,-0.0012654874548883237,-0.00017189602379012433
0.04303041925746547,-0.0012217167238782163,-0.0001731396258795076
0.041501044948864134,-0.0011794509917750515,-0.00017434020973733423
0.039999167365612355,-0.0011387008856178133,-0.00017549928567603068
0.03858463584952387,-0.0010994089840102453,-0.0001766183406108447
0.037300388864764056,-0.0010614664716531014,-0.00017769877833867637
0.03617393985306053,-0.001024729307294189,-0.00017874187622815002
0.03521999549252498,-0.0009890323396213963,-0.00017974875705160782
0.034443214329998764,-0.0009542007347101344,-0.0001807203735887736
0.03384040809558801,-0.0009200589234973411,-0.00018165750341787734
0.033402040283597036,-0.0008864376993077485,-0.00018256075172927989
0.033113303004991386,-0.0008531800276634544,-0.00018343056059276548
0.03295515685578662,-0.0008201457977330654,-0.00018426722350546373
0.032905584812405714,-0.0007872154268989692,-0.00018507090411777976
0.0329410831475675,-0.0007542920929189826,-0.00018584165787768875
0.03303819000442755,-0.000721302456342985,-0.00018657945515231973
0.03317473632288656,-0.000688195993179328,-0.0001872842043770809
0.03333055743953777,-0.0006549433462981159,-0.00018795577404681963
0.0334876138449578,-0.0006215342606558681,-0.0001885940128502966
0.03362976501494568,-0.0005879755712259163,-0.0001891987677662375
0.03374267224153221,-0.0005542893525976773,-0.0001897699002281493
0.033814292532145566,-0.0005205108702108385,-0.00019030730033955357
0.03383609354748323,-0.00048668567717102405,-0.0001908108986132445
0.03380458574938279,-0.00045286533752259103,-0.0001912806741205913
0.03372232037014511,-0.0004191018844628271,-0.000191716657731584
0.03359747423616704,-0.000385441987159671,-0.00019211892966739525
0.03344163885714588,-0.00035192243061301455,-0.0001924876118762816
0.033266163867472394,-0.0003185685292507054,-0.00019282285735621347
0.03307792743825864,-0.0002853964835978399,-0.00019312483986263775
0.032875494789770886,-0.0002524197724838251,-0.00019339374799067857
0.03264637969893584,-0.00021965883523947173,-0.00019362978729454023
0.032365798808491,-0.0001871527459857583,-0.00019383319308515285
0.03199714156013685,-0.00015497127580144438,-0.00019400425509604645
0.03149444183189893,-0.00012322548410542648,-0.00019414335347599988
0.030807222457384455,-9.20746519607848e-05,-0.00019425100354403298
0.029887840046981688,-6.172712070860172e-05,-0.00019432790443036767
0.028700801252737232,-3.243280005874226e-05,-0.00019437498439075135
0.027232783003963805,-4.466007930391743e-06,-0.00019439343379474593
0.025501608034846857,2.1901187589013587e-05,-0.0001943847162049166
0.023562243486882413,4.6433113349878224e-05,-0.00019435054905444715
0.02150800153381228,6.896823586022556e-05,-0.0001942928483798421
0.01946567161583447,8.945507243504894e-05,-0.00019421363672569446
0.017584323262045707,0.00010798006987398903,-0.00019411491915453995
0.01601873690523036,0.00012478159995762706,-0.00019399853831962414
0.014909552687739696,0.00014024574475411208,-0.00019386602464726828
0.014363077791708494,0.0001548820599938362,-0.0001937184607448943
0.014434095543338262,0.00016928064666135956,-0.00019355637939156672
0.015114778914601376,0.0001840550838903294,-0.00019337971152629088
0.016331816139934906,0.00019977838141759752,-0.00019318779479363693
0.017952313587228833,0.0002169204462811794,-0.00019297944537978754
0.019797442350549452,0.00023579532425006854,-0.00019275308749452192
0.021661548226385777,0.00025652481953853615,-0.00019250692742262763
0.023333730507127323,0.0002790224589052927,-0.00019223915378340571
0.0246188346342575,0.0003029987414759851,-0.00019194814318321507
0.02535539258860804,0.0003279858550874179,-0.00019163265088493336
0.025428976986946225,0.00035337803987519506,-0.00019129196893745206
0.024780328532454966,0.00037848269263489565,-0.00019092603857119703
0.023408318848132943,0.0004025770163251896,-0.00019053550871671698
0.021368302251901256,0.0004249653268752067,-0.00019012173754511677
0.018766620074762715,0.0004450327880385387,-0.00018968673848765989
0.015751924946325213,0.00046229206054908267,-0.00018923307606336608
0.012503767868098408,0.00047641990695629447,-0.0001887637200796134
0.00921882200996337,0.0004872812018953254,-0.00018828186952518758
0.0060953553825540295,0.0004949382905915841,-0.00018779075977894412
0.0033170407041102955,0.0004996444886349163,-0.00018729346838933087
0.0010376881913745984,0.0005018218530826587,-0.0001867927352184721
-0.0006312718185739537,0.0005020250612690591,-0.00018629081176129624
-0.0016289674152460667,0.000500894941652149,-0.00018578935175983562
-0.0019480575831049458,0.0004991064291529735,-0.00018528935107443306
-0.0016325506699304488,0.0004973161250264558,-0.00018479113979734334
-0.000771233508642773,0.0004961142329371692,-0.00018429442461836152
0.0005122016079638851,0.0004959847169868298,-0.00018379837514339952
0.002071146415469218,0.0004972763909985463,-0.00018330174458940684
0.0037489064038835626,0.0005001864174082227,-0.00018280301318520346
0.00539109914283225,0.0005047564201815806,-0.00018230054176640855
0.006856707344811422,0.0005108803234254025,-0.00018179272339460505
0.0080275068824803,0.0005183224305390483,-0.00018127812201762283
0.008815950828510043,0.0005267441593945435,-0.00018075558872265605
0.00917125473325195,0.0005357377621754244,-0.00018022434776187107
0.009082757482640843,0.0005448647682833709,-0.00017968404649664168
0.008579488163034579,0.0005536958911062086,-0.0001791347661669469
0.007725593090518823,0.0005618484317329853,-0.0001785769940055273
0.006612342290601148,0.0005690173994235452,-0.00017801156108994905
0.005348178671359966,0.0005749976599045258,-0.000177439553560285
0.00404847662114608,0.0005796959875507789,-0.00017686220673655736
0.002826389836049471,0.0005831334207793766,-0.0001762807920323923
0.0017855096321930076,0.0005854393705134979,-0.00017569650563674586
0.0010143222571400638,0.0005868392864581644,-0.00017511036630826003
0.0005820533224649193,0.0005876374742479669,-0.00017452312792790698
0.0005355514837934667,0.000588196276651096,-0.00017393521105245745
0.0008971124531743343,0.00058891260861958,-0.0001733466566098221
0.001663270139414333,0.0005901927999158743,-0.00017275710390555438
0.0028045801134058608,0.0005924267250422844,-0.0001721657941430753
0.00426643191949041,0.0005959622310587326,-0.0001715715996650248
0.005970981885451157,0.0006010809379612034,-0.00017097307808051484
0.007820350824909136,0.0006079766043163836,-0.00017036854930937604
0.00970127462097669,0.0006167374170393265,-0.0001697561922986982
0.011491429822034617,0.0006273337692608321,-0.00016913415670554813
0.013067581885645501,0.0006396132751146722,-0.00016850068318336036
0.014315373968670008,0.0006533047530418299,-0.00016785422416928212
0.015139998815169168,0.0006680324394337495,-0.00016719355557304433
0.01547639416164162,0.0006833406359221549,-0.00016651786903536638
0.01529725469484282,0.0006987274603503971,-0.0001658268349872301
0.014617274803154123,0.0007136847250993956,-0.0001651206288945052
0.013492675307954522,0.0007277397001549499,-0.00016439991668187802
0.012016040397919765,0.0007404940580078871,-0.0001636657998027966
0.010307441816400259,0.0007516557991150471,-0.00016291972487423513
0.008503387698543224,0.0007610612138725188,-0.00016216336636774135
0.006745118380880521,0.0007686854669122307,-0.00016139849302734897
0.00516732547055246,0.0007746416888379473,-0.00016062682944947387
0.0038878883760668373,0.0007791692957612569,-0.00015984992395717427
0.002999047137701955,0.0007826127635181413,-0.00015906903292753458
0.0025605783594355993,0.0007853925762667101,-0.00015828503025764216
0.002595706267327985,0.000787970718580092,-0.00015749834861021877
0.0030903488140226624,0.0007908137461207673,-0.00015670895637786834
0.003995857738545381,0.0007943568493970514,-0.00015591637108010943
0.005234911967234041,0.0007989722342499411,-0.00015511970653828594
0.006709867763010995,0.0008049446241150636,-0.00015431774810910345
0.008312616753919904,0.000812455866373529,-0.00015350904786385917
0.009934738908587126,0.0008215795442047825,-0.00015269203015857
0.011476570451545551,0.0008322851988848488,-0.0001518650977870252
0.012854005025532309,0.0008444504866233877,-0.00015102672994427108
0.014002435076908263,0.000857878706674608,-0.00015017556534762207
0.014877887749586484,0.0008723188680878554,-0.00014931046656024085
0.015455819141362487,0.0008874857215333299,-0.00014843056426543027
0.015728223750394135,0.0009030777429792082,-0.00014753528253317398
0.01569980525652369,0.000918791757482667,-0.00014662434778294305
0.0153839754889831,0.0009343336478554204,-0.000145697785080274
0.014799507529831413,0.0009494253893648276,-0.0001447559055616639
0.013968752459660946,0.0009638095193595738,-0.0001437992881073017
0.012918001468431946,0.0009772528963236202,-0.0001428287568994601
0.011679542830456009,0.0009895516684730642,-0.00014184535461706177
0.010293807283045192,0.0010005383435298149,-0.00014085030961106032
0.008809695418383574,0.0010100900948805292,-0.00013984499539185515
0.007282019936542507,0.0010181359525579922,-0.00013883088236813588
0.005766338844659448,0.0010246601319485933,-0.0001378094843258826
0.0043124800980250235,0.0010296995414199356,-0.00013678230448919832
0.0029584037591586427,0.0010333349833485275,-0.00013575078722681408
0.0017258161722859273,0.0010356770933142498,-0.00013471628118848268
0.0006183883509657386,0.0010368491955758757,-0.00013368001804403763
-0.0003772175021741886,0.0010369697810002714,-0.00013264310855574956
-0.0012878336246178073,0.0010361372554368753,-0.00013160655503753098
-0.002148443985284151,0.0010344191166319244,-0.00013057127685149657
-0.002995900859476987,0.0010318469442095438,-0.00012953814382107582
-0.0038627121113556174,0.0010284176377241274,-0.00012850801153010898
-0.004771845114589609,0.0010241003591111549,-0.00012748175253169135
-0.005733242294206532,0.001018847815406757,-0.0001264602784444324
-0.006742424368018417,0.0010126099820756444,-0.00012544454954569118
-0.007781245754819992,0.001005348147014225,-0.00012443557048114623
-0.008820546680460842,0.0009970472507965847,-0.00012343437278224082
-0.009824116428053444,0.0009877249192423276,-0.00012244198669722137
-0.01075313421423392,0.000977436293921184,-0.00012145940609063961
-0.011570256763511698,0.0009662745984323111,-0.00012048755064446286
-0.012242871620438533,0.000954368034240336,-0.00011952722932812654
-0.012745543328543128,0.0009418738267658451,-0.00011857910839762346
-0.013061945310066676,0.0009289700824465401,-0.00011764368644301727
-0.013186415191052653,0.0009158459021959805,-0.00011672127845069601
-0.013124937478587844,0.0009026902258611602,-0.00011581201038666743
-0.012895180795599181,0.0008896801667240667,-0.00011491582519037482
-0.012525300655670061,0.0008769699259984321,-0.00011403250014401357
-0.01205147761083047,0.0008646815368651818,-0.00011316167441258177
-0.011514463924556035,0.0008528985660974886,-0.00011230288436110043
-0.01095564107430992,0.0008416635135980557,-0.00011145560332125267
-0.010413196834705558,0.0008309790946435479,-0.00011061928201713186
-0.009919011119193296,0.0008208129906665985,-0.00010979338597447678
-0.009496649440272354,0.0008111051603868657,-0.00010897742689895005
-0.009160516806396537,0.0008017765772635313,-0.00010817098603012485
-0.008915934919336432,0.0007927383514006648,-0.00010737372856579276
-0.008759889143212051,0.0007839004393693906,-0.00010658540917040773
-0.008682354295411495,0.0007751793176500788,-0.000105805869291898
-0.008668137145381815,0.0007665040719296821,-0.00010503502759710811
-0.00869899946626518,0.0007578205036238586,-0.00010427286530933134
-0.008755736155650503,0.0007490931358129008,-0.00010351940848961297
-0.008820058854842197,0.0007403052383076544,-0.00010277470930255269
-0.008876362173724844,0.0007314570277933709,-0.00010203882816950217
-0.008913430981548995,0.000722562131215734,-0.00010131181858999762
-0.00892586945351474,0.0007136424809982021,-0.00010059371628389064
-0.008914752945301812,0.0007047221697987938,-9.988453395849215e-05
-0.00888701003985123,0.0006958212883062173,-9.918426222943964e-05
-0.008853390817218419,0.0006869510878776826,-9.849287604134769e-05
-0.008825358441495266,0.0006781117132483258,-9.781034464078469e-05
-0.008811634289463298,0.0006692932168828465,-9.713664217571911e-05
-0.008815333557264193,0.0006604797329594828,-9.647175570079794e-05
-0.00883255283482458,0.0006516557897634384,-9.581568793943647e-05
-0.008852860589854003,0.0006428130830510991,-9.51684535030292e-05
-0.008861549135031035,0.0006339558781886566,-9.453006902240932e-05
-0.008843015270241342,0.0006251035959860204,-9.390053928532198e-05
-0.008784452386424554,0.0006162898621576875,-9.327984255625012e-05
-0.008679154097988577,0.0006075580589154809,-9.266791859571355e-05
-0.008528917454938336,0.0005989540231390175,-9.206466255468629e-05
-0.008345104279300007,0.0005905170122718983,-9.146992703698083e-05
-0.00814800594562409,0.0005822704571594362,-9.088353330226516e-05
-0.007964450677663671,0.0005742142288477924,-9.030529095926155e-05
-0.007823962105817366,0.0005663200224560518,-8.973502383360963e-05
-0.0077540164174184885,0.0005585310331944339,-8.917259830578438e-05
-0.00777510597858438,0.0005507664719964324,-8.861794955318895e-05
-0.007896475006208912,0.0005429306815040358,-8.807110097643871e-05
-0.008113414031650069,0.0005349257369851063,-8.753217276719413e-05
-0.008406762353168902,0.0005266656487926968,-8.700137707430523e-05
-0.00874481190277705,0.0005180898616647238,-8.647899931907651e-05
-0.009087230573945124,0.0005091738404263628,-8.596536746803097e-05
-0.009390082558123456,0.0004999351838603285,-8.546081295588762e-05
-0.009610753989703052,0.0004904347655864152,-8.496562798116425e-05
-0.009711746588027575,0.0004807735152975499,-8.448002384072226e-05
-0.009662812278114271,0.000471086235864479,-8.400409396514124e-05
-0.009441545827455062,0.00046153405681169434,-8.353778381880315e-05
-0.009033084305703922,0.00045229674174511485,-8.308086841952475e-05
-0.008429807522447309,0.00044356529583103923,-8.263293740073667e-05
-0.0076318337969436,0.0004355344751713438,-8.219338751523548e-05
-0.006648707852449769,0.0004283942043466471,-8.176142317547649e-05
-0.005502113949080832,0.0004223187934458818,-8.133606667658023e-05
-0.004228909162694978,0.00041745328188999385,-8.091618063891228e-05
-0.0028834605196851964,0.00041389709704880377,-8.050050544944288e-05
-0.001538293719888465,0.0004116862199290169,-8.008771379095398e-05
-0.00028234114632783215,0.0004107759024959088,-7.967648272974152e-05
0.0007835564611732795,0.0004110265101533315,-7.92655815234169e-05
0.0015538324351694894,0.0004121952046015029,-7.885397066603947e-05
0.0019274762960466989,0.000413935858967111,-7.844090513425517e-05
0.0018182200174613257,0.00041580870712386504,-7.802603285120968e-05
0.0011639783952963473,0.0004172998063302439,-7.760947859448263e-05
-6.608084154899034e-05,0.0004178487551071176,-7.719190431376395e-05
-0.0018678840845310469,0.00041688177264407754,-7.677453904988835e-05
-0.004202457750436532,0.00041384660172659373,-7.635917486270302e-05
-0.006999218417469104,0.00040824576364264094,-7.59481286800184e-05
-0.010161881261344105,0.00039966521380323434,-7.554417319129546e-05
-0.013576226127221725,0.0003877961601089514,-7.515044250433936e-05
-0.017118922556497586,0.0003724485857670918,-7.477032013140135e-05
-0.02066659311811247,0.00035355582792978677,-7.44073179245529e-05
-0.02410430382314576,0.00033117037945915766,-7.406495482085843e-05
-0.0273327481061719,0.0003054518534944988,-7.374664370438161e-05
-0.030273568996842883,0.0002766486949429914,-7.345559343016286e-05
-0.032872539123493236,0.00024507564088282335,-7.319473126224995e-05
-0.0351006213746609,0.00021108906063374629,-7.296664891149166e-05
-0.036953106793793544,0.00017506219654951906,-7.277357328290002e-05
-0.03844695996289776,0.0001373621631711734,-7.261736110303968e-05
-0.03961636247319579,9.833050195312664e-05,-7.249951477047753e-05
-0.04050657447443046,5.826903347931351e-05,-7.242121500276131e-05
-0.04116673454341398,1.7432378970391294e-05,-7.238336429653646e-05
-0.041642797223328885,-2.3972386912980137e-05,-7.238663430050776e-05
-0.04197206267990879,-6.577981686459897e-05,-7.243151040239655e-05
-0.04218046352875275,-0.00010785607996892974,-7.251832835081331e-05
-0.04228297345599513,-0.0001500877984613037,-7.264730029002842e-05
-0.04228649546862992,-0.00019237253292361621,-7.281853045572089e-05
-0.042193900328843535,-0.00023461273082235295,-7.303202308759388e-05
-0.04200790144572968,-0.00027671363170963956,-7.328768626885987e-05
-0.04173398256313321,-0.000318584573714071,-7.358533537157174e-05
-0.04138208123420315,-0.0003601426056127392,-7.392469896123514e-05
-0.04096694067734893,-0.00040131711656851525,-7.430542882232577e-05
-0.040507202916832706,-0.0004420541883656061,-7.472711447479282e-05
-0.04002358432831789,-0.0004823195819881814,-7.518930135996972e-05
-0.03953670664615662,-0.0005220997274754186,-7.569151101470152e-05
-0.039065181037372394,-0.0005614006713171831,-7.623326121409782e-05
-0.038624336385355416,-0.0006002454300285471,-7.681408426477068e-05
-0.03822563351350397,-0.0006386704149779767,-7.743354218727395e-05
-0.037876491645030264,-0.0006767214775572439,-7.809123813354155e-05
-0.03758015496844861,-0.0007144498008639833,-7.878682377275216e-05
-0.03733536353965459,-0.000751907560118035,-7.952000245324317e-05
-0.0371358185107132,-0.0007891431511432189,-8.02905278088738e-05
-0.036969642546612905,-0.0008261958816718819,-8.109819732528135e-05
-0.036819198569086886,-0.0008630903022297319,-8.194284041723215e-05
-0.03666161847869991,-0.0008998307107536252,-8.282430092372384e-05
-0.036470108327790386,-0.0009363965741568704,-8.374241456617909e-05
-0.03621576180120443,-0.0009727395092213678,-8.46969826078682e-05
-0.03586960359369837,-0.0010087821919188191,-8.56877434584383e-05
-0.035404889097579606,-0.0010444194382644581,-8.671434427352993e-05
-0.03479987953109872,-0.0010795218225787973,-8.777631490395156e-05
-0.0340411195754783,-0.001113942322132086,-8.8873046976307e-05
-0.03312687328443802,-0.001147526318562044,-9.000378129665407e-05
-0.03207016133936935,-0.0011801248358739476,-9.116760687387207e-05
-0.03090083560031598,-0.0012116103343437902,-9.236347445898094e-05
-0.02966614718961808,-0.0012418938257387573,-9.359022653902222e-05
-0.028429254950895086,-0.001270941526809014,-9.48466442152961e-05
-0.027265267590804002,-0.0012987887880798635,-9.613150937274054e-05
-0.026254896137894074,-0.0013255488699442125,-9.744367820175258e-05
-0.025476480747658695,-0.001351414558386989,-9.878215991591819e-05
-0.02499763965482049,-0.0013766516185882286,-0.00010014619300440579
-0.024867802195889313,-0.0014015843395135835,-0.0001015353109834567
-0.02511259747278108,-0.0014265745393479187,-0.00010294939042288745
-0.025730797191220796,-0.0014519962366799197,-0.00010438867581090137
-0.02669425412738639,-0.0014782087623392234,-0.00010585377831041094
-0.02795080335766188,-0.0015055312910817475,-0.00010734564833712143
-0.02942949294914864,-0.0015342214392351527,-0.00010886552470227987
-0.031047192871959686,-0.001564459782145707,-0.0001104148653129703
-0.032715698801284165,-0.0015963412279823288,-0.00011199526581803432
-0.034348604526268735,-0.0016298733796461054,-0.00011360837312184854
-0.03586727669655894,-0.0016649813202575191,-0.00011525580047180034
-0.03720532477682229,-0.0017015176209942097,-0.00011693904994242621
-0.03831118261087246,-0.001739275874688057,-0.00011865944669026734
-0.03914885869894682,-0.0017780058953429667,-0.00012041808757528285
-0.03969737232476489,-0.0018174290108548226,-0.00012221580502838175
-0.039949526124394966,-0.0018572524600794025,-0.00012405314576384885
-0.0399104077067733,-0.0018971824269949868,-0.00012593036320738605
-0.0395957123731519,-0.0019369354870349494,-0.000127847422164401
-0.03902993323338724,-0.0019762483098382188,-0.00012980401406283758
-0.03824454450932686,-0.0020148855487095757,-0.00013179958099211148
-0.03727620828497695,-0.002052645925106728,-0.00013383334672901963
-0.036164773958636424,-0.0020893664162285343,-0.00013590435289968726
-0.03495073400644821,-0.002124924170211077,-0.00013801149819290707
-0.03367199612183143,-0.0021592355352752167,-0.00014015357804565023
-0.03236011670666371,-0.0021922515916894644,-0.00014232932160913257
-0.031036367357582178,-0.0022239498337215872,-0.0001445374223218381
-0.02970831007084294,-0.0022543221724357996,-0.00014677655832491678
-0.028367923309715843,-0.002283360289126079,-0.0001490453995556977
-0.026992350058061138,-0.0023110404258099675,-0.00015134259991316572
-0.02554774713482783,-0.002337310474406412,-0.00015366677536327391
-0.023995784768600734,-0.0023620822403581264,-0.0001560164717206562
-0.022301612277450276,-0.002385230938881152,-0.00015839012831027582
-0.020441827359012635,-0.0024066026586993835,-0.0001607860451090661
-0.018411120477469685,-0.002426029132617625,-0.00016320236100472458
-0.01622666722881554,-0.0024433480264707676,-0.00016563704958426877
-0.013929765927288302,-0.0024584262430488195,-0.00016808793671902855
-0.011584459978338521,-0.0024711833560016327,-0.00017055274151855378
-0.009273073687779076,-0.0024816121228346914,-0.00017302913925797193
-0.0070890186889809,-0.0024897931690230713,-0.0001755148419039008
-0.005127863213550352,-0.0024959016099743367,-0.0001780076892933995
-0.0034781196457586957,-0.002500204601403991,-0.00018050574239908868
-0.0022131944938445294,-0.002503050258473793,-0.00018300736982902757
-0.0013854872310798073,-0.002504849599336255,-0.00018551131975793258
-0.0010229815546989771,-0.0025060538337291446,-0.00018801677147446528
-0.0011280951261711846,-0.00250712937206958,-0.00019052336307736465
-0.0016781793433295407,-0.0025085325093043304,-0.0001930311940180516
-0.0026269998568424456,-0.0025106850989044163,-0.00019554080282215596
-0.003906862705383446,-0.0025139520301855293,-0.00019805312138670094
-0.005431656738315973,-0.002518621289907379,-0.0002005694080467474
-0.007101545528031582,-0.0025248878910405525,-0.00020309116263722137
-0.008809870399389899,-0.002532843599004263,-0.00020562002838224377
-0.010451916003574346,-0.002542474492205745,-0.00020815768742784877
-0.011934086691452345,-0.0025536674935532585,-0.00021070575842072826
-0.01318156161178893,-0.002566225317704879,-0.00021326570482635732
-0.014143011221986178,-0.0025798876041217664,-0.00021583876128727065
-0.014792084167100258,-0.0025943551518163095,-0.00021842588266523968
-0.01512631836701087,-0.0026093143530833652,-0.00022102771741768951
-0.01516438647373449,-0.002624459705503738,-0.00022364460444698305
-0.014942333052963297,-0.002639513065267087,-0.00022627659083236846
-0.014509207751001705,-0.0026542388356690693,-0.00022892346678283655
-0.013922444690168484,-0.0026684546618896544,-0.00023158481353161592
-0.013243321567153861,-0.0026820375450183156,-0.0002342600596350699
-0.01253277368487692,-0.002694925592644331,-0.00023694854120390123
-0.011847867660980374,-0.00270711591331726,-0.00023964956195688202
-0.011239349832163768,-0.002718659522063832,-0.00024236244967457257
-0.010750592476202851,-0.0027296544932180152,-0.0002450866066822135
-0.010417774872114453,-0.0027402386768921737,-0.0002478215532672686
-0.010270496552990662,-0.0027505828126047262,-0.00025056696401201705
-0.01033174467228668,-0.002760883933217365,-0.00025332269738492807
-0.010616542051306941,-0.0027713580765791617,-0.00025608881838982636
-0.011129464306915894,-0.002782231079758273,-0.0002588656129679951
-0.011861927305495183,-0.0027937267755644784,-0.0002616535918956565
-0.012790275940069958,-0.002806052877187261,-0.0002644534817220324
-0.013875342902974895,-0.0028193856866087835,-0.0002672662010039304
-0.015063671334181258,-0.0028338551937273616,-0.0002700928214440985
-0.016290235679358816,-0.0028495321472341317,-0.00027293451511457926
-0.0174822359900474,-0.002866418383068835,-0.00027579249037973076
-0.01856335128508279,-0.0028844411767064,-0.0002786679201596184
-0.019457806737855316,-0.002903451755717869,-0.0002815618666258305
-0.0200938405052158,-0.0029232275793394046,-0.00028447520629335915
-0.020406588118451696,-0.0029434777936512384,-0.0002874085589798545
-0.020340761275972848,-0.0029638514683484507,-0.00029036222361085434
-0.01985349912328217,-0.0029839485985480784,-0.0002933361236443026
-0.018917432835344784,-0.003003334064527392,-0.00029632976497584034
-0.01752364272748613,-0.0030215546023088075,-0.0002993422093092584
-0.015684038802867013,-0.003038158443073984,-0.00030237206583194983
-0.013432724307677611,-0.0030527168246292564,-0.00030541750346580143
-0.010825982869373701,-0.003064846178217782,-0.00030847628496722497
-0.007940641348428834,-0.0030742294903266833,-0.0003115458228014972
-0.004870744335932321,-0.0030806351831688637,-0.000314623255138245
-0.0017227125398159592,-0.003083931911606738,-0.00031770553868563277
0.0013906497083849712,-0.003084097943022453,-0.00032078955361294735
0.0043568584062836915,-0.0030812241889651188,-0.00032387221467894113
0.007070761610931585,-0.003075510378956511,-0.000326950581962902
0.009441519199317338,-0.0030672542385513867,-0.0003300219642716559
0.011399221386185676,-0.0030568338682586352,-0.0003330840083250609
0.01290079935366775,-0.0030446838578887087,-0.00033613476718813456
0.01393491350136889,-0.0030312660014611905,-0.00033917274211780953
0.014525504876795128,-0.0030170357922721085,-0.00034219689301467616
0.014733472224055032,-0.0030024063037216837,-0.0003452066140626731
0.014655549203888804,-0.0029877117930077117,-0.0003482016731110378
0.01441931524884996,-0.002973174360781342,-0.00035118211618793234
0.014173759928667571,-0.0029588778231925835,-0.0003541481422799193
0.014075888886045074,-0.002944752998785227,-0.0003570999576909082
0.014275034565209625,-0.0029305775370595997,-0.0003600376229588306
0.014897239811301748,-0.002915991399871344,-0.00036296090742729607
0.016032041564304433,-0.002900526759183541,-0.0003658691665068235
0.017723370344586254,-0.002883649053229096,-0.0003687612544130298
0.019965469056606018,-0.0028648046335285,-0.00037163548125640863
0.02270395854856815,-0.002843469919725913,-0.0003744896185330358
0.025841497009841948,-0.002819197191946708,-0.0003773209520888721
0.02924694742309142,-0.0027916529697302414,-0.00038012637716971056
0.032766707689999286,-0.002760646142173696,-0.0003829025267256625
0.036236924710594594,-0.002726144325973399,-0.00038564592195973604
0.039495541520316785,-0.0026882780928579432,-0.00038835313316915173
0.04239327378298675,-0.0026473336852062914,-0.00039102093905818387
0.0448026327392846,-0.0026037357319451558,-0.0003936464737667596
0.04662421215858346,-0.0025580223094962217,-0.0003962273527874803
0.04778987364769311,-0.0025108152665930836,-0.00039876177157552496
0.04826317102656879,-0.0024627887442559525,-0.0004012485735809495
0.04803800290088558,-0.0024146381572922255,-0.0004036872870317236
0.047136692794558684,-0.0023670508094445035,-0.000406078131515092
0.04560835093236777,-0.00232067828758104,-0.00040842199606360476
0.0435276401975981,-0.002276110292016057,-0.0004107203903534033
0.04099330290554908,-0.0022338498204644837,-0.00041297537040964355
0.03812540794620101,-0.0021942904650386085,-0.0004151894405523951
0.03506047087387881,-0.0021576975256285685,-0.00041736543454772864
0.031944237587464216,-0.002124195171397897,-0.0004195063808962419
0.028922598127525772,-0.002093761753540402,-0.00042161535935871105
0.02613147291695404,-0.002066234718018162,-0.00042369535759449034
0.02368657161804243,-0.0020413256957506638,-0.00042574913780137475
0.0216738933023809,-0.002018645463290452,-0.00042777912338089533
0.020141897559453746,-0.0019977375678595344,-0.00042978731489647033
0.01909640892626729,-0.001978118414616674,-0.00043177524288770845
0.0184993599530719,-0.0019593205301770044,-0.0004337439623601053
0.018272217208759378,-0.0019409347415960886,-0.0004356940899959918
0.018304255145076793,-0.0019226465054191706,-0.00043762588061949944
0.018464905990689676,-0.0019042619248512873,-0.00043953933483463465
0.018618530081776833,-0.001885720206815054,-0.00044143432590046784
0.018639319140931955,-0.0018670912822036996,-0.0004433107316449772
0.018423803882019658,-0.0018485597206922238,-0.0004451685571464252
0.01789877500954328,-0.0018303984312464424,-0.00044700803622239454
0.01702342011111165,-0.001812937333686115,-0.0004488297041048608
0.015785937042629986,-0.0017965326551092442,-0.0004506344390992585
0.01419633563322326,-0.0017815415187713176,-0.0004524234761861988
0.01227796955359517,-0.0017683043661779084,-0.0004541983991286734
0.010060223885233158,-0.001757135269458494,-0.0004559611189464916
0.007573973779024697,-0.0017483181706263653,-0.00045771384566653403
0.004850402189346396,-0.0017421059826421797,-0.0004594590577431683
0.001922820323602208,-0.0017387193713857055,-0.0004611994704201823
-0.0011695307102048092,-0.0017383427265790067,-0.0004629380014691646
-0.004377014319887717,-0.001741115999094053,-0.00046467773083200113
-0.007635899058890735,-0.0017471224557834423,-0.0004664218500594399
-0.010866953064129903,-0.0017563738818449526,-0.0004681735982282541
-0.013977693550976503,-0.0017687962051525059,-0.0004699361832717528
-0.016868912313569535,-0.001784219508084779,-0.00047171269112837144
-0.01944496907106519,-0.0018023764487770963,-0.00047350598910680236
-0.02162630939635852,-0.0018229120880108082,-0.00047531863337519633
-0.02336200658678313,-0.001845406246002379,-0.00047715279254220293
-0.02463992759450255,-0.0018694072130930218,-0.0004790101992717506
-0.02549245043305826,-0.001894473402106802,-0.00048089213957935054
-0.02599649637828526,-0.0019202178755124738,-0.00048279948521816015
-0.026267761637082325,-0.0019463500045201576,-0.0004847327691581765
-0.026450114005754442,-0.001972708942341576,-0.00048669229863160734
-0.02670190284661672,-0.0019992849507677614,-0.000488678295578162
-0.02718126230031183,-0.0020262265333412257,-0.0004906910513202164
-0.02803232908766304,-0.0020538333290352133,-0.0004927310812514046
-0.029373785300309475,-0.0020825363862291995,-0.0004947992661090368
-0.03129050976606784,-0.002112868533762388,-0.0004968969685690326
-0.033828559446757965,-0.002145428068368801,-0.0004990261168700982
-0.03699331768361685,-0.0021808390069339885,-0.0005011892504077496
-0.04075047458781903,-0.0022197109030697064,-0.0005033895253627515
-0.04502945499528071,-0.0022626008678612564,-0.000505630681248217
-0.049728890653874556,-0.002309980040685834,-0.0005079169717024906
-0.05472379330050931,-0.002362206382663026,-0.000510253064914165
-0.059874222738858444,-0.00241950539068271,-0.0005126439208008378
-0.06503519606598501,-0.0024819601000851317,-0.0005150946535462217
-0.07006711910744208,-0.002549511257671845,-0.0005176103892251002
-0.07484542036170085,-0.0026219675274064165,-0.0005201961286176393
-0.07926794561982058,-0.002699024210397177,-0.0005228566244865411
-0.08325922435646306,-0.002780287795385319,-0.0005255962804894323
-0.08677149373569684,-0.002865303154431399,-0.0005284190759643406
-0.08978287930963536,-0.0029535803409540652,-0.0005313285177120334
-0.09229338832195859,-0.003044618474769862,-0.0005343276171198954
-0.09431963310659851,-0.0031379249854841407,-0.0005374188888500223
-0.09588948586687443,-0.003233029544970877,-0.0005406043661152499
-0.09703788096486549,-0.0033294932283867472,-0.0005438856275019287
-0.09780451521469748,-0.0034269144264765287,-0.0005472638313293604
-0.09823341244999485,-0.0035249333903088747,-0.000550739755237753
-0.09837361905607347,-0.003623236906061909,-0.0005543138403859384
-0.0982799770149179,-0.0037215637040974043,-0.0005579862406910181
-0.09801295667433847,-0.0038197101709420327,-0.0005617568776285378
-0.09763674157314443,-0.003917535020065774,-0.0005656255002240417
-0.09721515152278666,-0.00401496096661374,-0.0005695917482173814
-0.09680569433489793,-0.004111971389542582,-0.0005736552143954596
-0.0964528447424265,-0.004208600659081244,-0.0005778155004197715
-0.09618210306901123,-0.004304918132986963,-0.0005820722598158056
-0.09599636293283209,-0.004401007365987884,-0.000586425222565293
-0.09587581252965525,-0.004496943453719128,-0.0005908741979751465
-0.09578198871213223,-0.004592772354340022,-0.0005954190558791761
-0.09566556577142232,-0.0046884961315818,-0.000600059690122137
-0.09547630547219038,-0.004784067067203606,-0.0006047959717215296
-0.09517295214320569,-0.0048793916960113036,-0.0006096277011031371
-0.0947309972171155,-0.004974343670691464,-0.0006145545687864885
-0.09414690976862755,-0.005068782624184335,-0.0006195761319339264
-0.09343827539270122,-0.005162575216765,-0.000624691810854401
-0.09264009113584448,-0.005255614400029273,-0.0006299009056627982
-0.09179813033840624,-0.0053478335107663985,-0.000635202629618196
-0.09096080376930185,-0.005439212977820252,-0.0006405961528624893
-0.09017123882813548,-0.005529778999118971,-0.0006460806488509589
-0.0894611271285245,-0.005619595182097301,-0.000651655335941567
-0.08884710105319597,-0.005708749296188161,-0.0006573195081807097
-0.08832938619980804,-0.005797337539814663,-0.0006630725515987112
-0.08789195555446874,-0.005885448210691801,-0.0006689139444739644
-0.08750362963205678,-0.005973146003285064,-0.0006748432415809528
-0.08712007131208824,-0.006060457853757137,-0.0006808600435094738
-0.086686868127035,-0.006147361323476699,-0.0006869639530980908
-0.0861437373486067,-0.00623377662621452,-0.0006931545220729364
-0.08542951793103387,-0.006319563253854341,-0.0006994311920129709
-0.084487274253302,-0.006404521649946509,-0.0007057932344648713
-0.08326866059348764,-0.006488399617369903,-0.0007122396950985294
-0.08173671757157829,-0.006570902306452436,-0.0007187693460604406
-0.07986657185246311,-0.006651703951164457,-0.000725380649189249
-0.07764412429836746,-0.006730459299239873,-0.0007320717308144511
-0.07506348552895432,-0.006806813104153534,-0.0007388403670161478
-0.07212422846277675,-0.006880406961149399,-0.0007456839770487992
-0.06882930034341343,-0.0069508837255524945,-0.0007525996223921501
-0.06518389340636328,-0.007017890322427383,-0.0007595840094161401
-0.061195102003809974,-0.007081079820132469,-0.0007666334944874199
-0.05687201569220514,-0.007140113378980477,-0.0007737440910869764
-0.05222592041175179,-0.007194662347032456,-0.0007809114789499829
-0.04727033337591056,-0.007244410473926287,-0.0007881310153604622
-0.042020685336327655,-0.007289055983282406,-0.0007953977485890666
-0.03649359254776832,-0.007328313122224454,-0.00080270643314182
-0.03070568103045836,-0.007361912759013567,-0.000810051546082439
-0.024671786887456273,-0.007389601492972525,-0.0008174273032084321
-0.018402250103765696,-0.0074111385114681355,-0.0008248276732106525
-0.011899143810628805,-0.0074262892084253325,-0.0008322463870705992
-0.00515167741339943,-0.007434814619037346,-0.0008396769389843305
0.0018683917558344274,-0.007436456261866129,-0.0008471125744247823
0.009209906351241769,-0.00743091711281259,-0.0008545462611121216
0.016942336541852853,-0.007417840991366043,-0.0008619706401642109
0.025151418144412966,-0.00739679411402291,-0.0008693779577169054
0.03393020952014679,-0.00736725330019063,-0.0008767599814240122
0.04336679626516291,-0.007328604797297975,-0.0008841079104727565
0.053531131304903924,-0.007280155833512942,-0.000891412290788162
0.06446406173616898,-0.007221158236992405,-0.0008986629478234146
0.0761711643577693,-0.007150840623945436,-0.0009058489472538835
0.08862276902252303,-0.007068443657255289,-0.0009129585893944839
0.10176002701333696,-0.006973252259237359,-0.0009199794373527302
0.11550561342339011,-0.006864619439018995,-0.0009268983732018584
0.12977694767419742,-0.006741978158470201,-0.0009337016720006031
0.14449969708441956,-0.006604839836090893,-0.0009403750809978836
0.15961962287081646,-0.006452780176113275,-0.0009469038910039857
0.17511137842292035,-0.006285414675466406,-0.0009532729884297755
0.1909835373390967,-0.006102367217585398,-0.0009594668793763015
0.20727966946539914,-0.005903235614183149,-0.0009654696807921857
0.22407552833134017,-0.00568755801528478,-0.0009712650776069196
0.24147249588010047,-0.00545478400317906,-0.0009768362486161516
0.25958758169333745,-0.005204253964392341,-0.0009821657675999373
0.2785405691637585,-0.004935189888963793,-0.0009872354895266154
0.2984393461537385,-0.004646699931305044,-0.0009920264344367498
0.319365064918519,-0.0043377977257689155,-0.0009965186832652869
0.3413593940290952,-0.0040074354962951085,-0.0010006912998763188
0.36441635347802187,-0.0036545476225415497,-0.0010045222914357372
0.3884806874589832,-0.003278099102073047,-0.0010079886147980445
0.41345345175741116,-0.00287713203246485,-0.0010110662303653135
0.43920392373396727,-0.002450803344719161,-0.0010137301980539055
0.4655856586825528,-0.001998408553510901,-0.0010159548040030205
0.49245393350119193,-0.0015193887574190285,-0.0010177137026584856
0.5196819960249547,-0.0010133207926559553,-0.001018980057433523
0.5471741635911157,-0.00047989271284792,-0.001019726664186275
0.5748745271682834,8.113163253177947e-05,-0.001019926044726433
0.6027706785871045,0.0006699542354094734,-0.0010195505017924623
0.630892457517897,0.0012867858034619742,-0.0010185721317730267
0.6593062226102689,0.0019318851435260573,-0.0010169627962995326
0.6881057267071753,0.0026055911181847797,-0.0010146940581686771
0.7174013618343549,0.003308344662455545,-0.001011737090278357
0.747310002964145,0.004040700344854794,-0.001008062567774702
0.7779474736224528,0.004803329083148093,-0.0010036405530607004
0.8094247009879819,0.005597015170453311,-0.0009984403809338996
0.8418473148197854,0.006422651178357194,-0.0009924305477594943
0.8753173481837041,0.007281233509858939,-0.0009855786054153862
0.9099352044073031,0.008173859786154442,-0.0009778510587673795
0.9458002389839754,0.009101727507850082,-0.0009692132651203773
0.9830090147380461,0.010066132134711093,-0.0009596293352990967
1.0216511925186875,0.01106846223833946,-0.0009490620381125714
1.0618037782145875,0.012110189723706097,-0.0009374727121315487
1.1035249266583618,0.013192854076142572,-0.0009248211902316243
1.1468486653123495,0.014318040872127928,-0.000911065742757489
1.1917816594375157,0.01548735603450286,-0.0008961630443041737
1.2383025241586163,0.016702398126300925,-0.0008800681672237717
1.2863634587638424,0.017964731117762155,-0.0008627346026017402
1.335893478443212,0.01927585958636568,-0.0008441143072496763
1.386802424180165,0.02063720753767737,-0.0008241577736876548
1.4389851627590302,0.022050101331146967,-0.0008028141192532426
1.4923257944687551,0.023515756809760858,-0.0007800311901827887
1.5467021449260934,0.02503527077945828,-0.0007557556763881792
1.6019910874600534,0.026609617395651354,-0.0007299332323006244
1.6580750398621567,0.028239650459312458,-0.0007025085983731425
1.7148493542443461,0.02992611265636571,-0.0006734257168153034
1.7722296837638107,0.03166965217536979,-0.0006426278343994356
1.8301581022096338,0.03347084606835651,-0.0006100575852775725
1.8886067831181954,0.035330228511020426,-0.000575657047987884
1.9475783097227017,0.03724832105744087,-0.0005393677732036534
2.0071021484078555,0.039225661286506154,-0.0005011307820316799
2.0672273953328335,0.0412628260583765,-0.00046088653835923857
2.1280124411786216,0.04336044597663223,-0.0004185749023417342
2.189512651262294,0.04551920852285269,-0.00037413507509199176
2.2517676222426997,0.047739848659605184,-0.0003275055465007628
2.3147899954099653,0.050023127468431516,-0.0002786240584367444
2.3785578455890795,0.05236980138893104,-0.00022742759400806313
2.443012070224894,0.05478058634683803,-0.0001738524001401786
2.508059184492147,0.05725612197419655,-0.0001178340459796613
2.5735789511935523,0.0597969410420394,-5.9307514471543336e-05
2.6394355351638077,0.06240344828521808,1.792680192085408e-06
2.705490243848611,0.06507591117472429,6.553235992205659e-05
2.7716134188832875,0.06781446300609024,0.00013197754701246386
2.837693065052637,0.07061911624805821,0.0002011943366395381
2.903638657827891,0.07348978210949847,0.0002732487858183165
2.969380005042196,0.07642629144093352,0.00034820682259353245
3.0348623995176296,0.07942841264321343,0.00042613417463560594
3.1000401185744275,0.08249586390225946,0.0005070963129083424
3.1648705293378354,0.0856283192262156,0.0005911584044725799
3.2293106781725207,0.08882540982997078,0.0006783852690006732
3.29331724793097,0.09208672379302253,0.0007688413358121699
3.3568493711217506,0.09541180710254889,0.0008625906012599556
3.4198726549663356,0.09880016811559293,0.0009596965888690265
3.4823625312502835,0.10225128570870125,0.0010602223157811735
3.5443056640576565,0.10576461980635522,0.0011642302685387017
3.6056990851133883,0.10933962218094075,0.0012717823895323497
3.666547475109892,0.11297574546105238,0.0013829400733533462
3.7268593398707455,0.1166724488685427,0.0014977641705181438
3.786642760998793,0.12042919991897746,0.001616314994911904
3.845901204175461,0.1242454719015646,0.001738652330822175
3.9046298548060374,0.12812073743105534,0.001864835435488485
3.962813102654237,0.13205445890978548,0.0019949230336589055
4.020423844211742,0.13604607738321847,0.0021289733018054076
4.0774251014627145,0.1400950018560557,0.002267043841425045
4.13377417509595,0.14420060149433503,0.0024091916431002404
4.189429213899597,0.1483622031888328,0.0025554730454418243
4.244357641323649,0.15257909661644442,0.0027059436953444627
4.2985453764895905,0.15685054812535104,0.0028606585177153605
4.352005387203803,0.16117582350719772,0.0030196717035316347
4.40478394981794,0.1655542181757086,0.0031830367243730878
4.45696312249004,0.16998509171186257,0.0033508063793168735
4.508658445883261,0.17446790249604924,0.0035230328764208293
4.560011820399933,0.17900223762919085,0.0036997679464834494
4.611180653906293,0.18358783386634395,0.0038810629822312167
4.662325186852635,0.1882245867867234,0.00406696919255775
4.713595881489201,0.19291254732089433,0.004257537759611559
4.765121952233519,0.1976519062377557,0.004452819986390884
4.817001221012723,0.20244296782437882,0.004652867423421952
4.869291287187977,0.20728611407847916,0.004857731964373381
4.922002523719692,0.212181760983933,0.005067465901904588
4.975093891868071,0.21713030919172688,0.0052821219369924175
5.028472418843284,0.22213209234708256,0.005501753137761823
5.0819965672965886,0.2271873268401525,0.00572641284735544
5.135483131684595,0.2322960666896431,0.005956154544120338
5.1887169864246605,0.2374581667486977,0.006191031660839509
5.2414629337579814,0.24267325670878903,0.006431097372568252
5.293478870814643,0.24794072761107536,0.006676404364728184
5.344529409290994,0.25325973175112815,0.006927004594409285
5.394398963058334,0.2586291959373028,0.007182949058253501
5.442903228145614,0.2640478470329048,0.007444287579738605
5.489898034787303,0.26951424766437126,0.007711068627087243
5.535284901921076,0.27502683913272546,0.007983339170485791
5.579013173243375,0.2805839881703077,0.008261144584137308
5.62107902355425,0.28618403426870653,0.008544528595356815
5.6615217092608034,0.29182533463511406,0.008833533279808726
5.70041729630234,0.29750630413789564,0.00912819909919523
5.737869946179384,0.3032254477591365,0.009428564975143746
5.774000903212855,0.3089813831838326,0.00973466839061523
5.808935736546969,0.31477285150371254,0.010046545507959002
5.842791036113424,0.3205987148900427,0.010364231291155879
5.875662287145955,0.3264579415516724,0.010687759619376735
5.907614666922348,0.33234958002870657,0.011017163380166926
5.93867795412444,0.33827272633922995,0.011352474533350894
5.968846003442648,0.3442264883180135,0.011693724140679516
5.99808073910286,0.35020995168928626,0.012040942360683166
6.026320356956049,0.35622215223731574,0.012394158412646468
6.053491107339548,0.36226205796946354,0.012753400517749858
6.079521503301962,0.3683285642747843,0.013118695828871983
6.104357167913954,0.37442050361039225,0.013490070362814572
6.127974063507561,0.380536669226103,0.01386754894923282
6.150387805125718,0.38667585016041967,0.014251155208926081
6.1716572884430665,0.3928368727072041,0.014640911570359893
6.191881871203347,0.39901864228702727,0.015036839327857009
6.211192539551855,0.40522017949240485,0.015438958738746724
6.229738532322819,0.4114406450283422,0.015847289151007096
6.247671603974087,0.41767935009649065,0.016261849148569513
6.265130440316,0.4239357511186357,0.016682656699177074
6.282227668692724,0.43020943017314006,0.01710972928982296
6.299041347284646,0.43650006468112873,0.017543084037250096
6.315611755631185,0.44280739123258667,0.017982737765206952
6.3319430032924435,0.4491311686120485,0.01842870704512927
6.348008016957656,0.45547114412217354,0.018881008201496383
6.363755308564028,0.4618270257849344,0.019339657286449936
6.3791163555583195,0.4681984616169956,0.019804670030150903
6.394012829846426,0.47458502620969795,0.020276061774064248
6.408363060452282,0.4809862141548473,0.02075384739424652
6.4220872928961175,0.4874014393315215,0.021238041220989705
6.435111708070865,0.493830038832005,0.02172865696007147
6.44737152713767,0.5002712804496092,0.022225707619712275
6.45881351863839,0.5067243729724973,0.022729205446423328
6.469397874316929,0.513188478668975,0.023239161872244063
6.479099072733765,0.5196627271425004,0.0237555874751498
6.487905279187652,0.5261462293184611,0.02427849195338028
6.495816077586998,0.5326380899968485,0.024807884113037935
6.5028388005878615,0.5391374174359359,0.02534377186675433
6.508984249401179,0.5456433289609304,0.025886162239952763
6.514262920272163,0.5521549525457671,0.026435061380706112
6.518682749417557,0.558671425380612,0.0269904745696693
6.522248831026916,0.5651918911708342,0.027552406227945025
6.524964840808154,0.5717154980067518,0.028120859922533818
6.52683545713153,0.5782413981557216,0.028695838370615054
6.527869132356528,0.5847687504504656,0.02927734344491815
6.5280809196161185,0.591296725476452,0.029865376182881608
6.527495339663113,0.5978245136060916,0.03045993680242288
6.526149304125061,0.6043513359279856,0.03106102472718992
6.524094954664568,0.6108764580573804,0.0316686386241826
6.521402076145069,0.6173992065727852,0.032282776456497686
6.518159584388901,0.6239189874030522,0.032903435553485606
6.514475486847861,0.6304353049386706,0.033530612699656466
6.510474703528937,0.636947780033859,0.03416430424214273
6.5062943218184826,0.6434561645465326,0.03480450621443292
6.502076339586667,0.6499603498772353,0.03545121447164481
6.49795869982585,0.6564603673969416,0.036104424830281895
6.4940661700102424,0.6629563798318596,0.03676413320389629
6.490502922191373,0.6694486643779605,0.037430335726001206
6.487348280909536,0.6759375899795109,0.03810302885317994
6.484656260321768,0.6824235922501266,0.03878220944429476
6.482458635624017,0.6889071496980995,0.03946787481526887
6.4807705961587425,0.6953887643139909,0.04016002277227492
6.4795975860923125,0.7018689484051164,0.040858651628634474
6.478941908479521,0.7083482181524023,0.041563760211913235
6.478808107072842,0.7148270931601786,0.04227534786756953
6.479206816741078,0.7213061006220856,0.04299341446446066
6.4801573098221725,0.7277857826853672,0.043717960406114385
6.4816890628570745,0.7342667058717068,0.04444898665039292
6.48384229789861,0.7407494715520847,0.04518649473910482
6.486666974103863,0.747234726188086,0.045930486837974904
6.490219616704962,0.7537231694834904,0.04668096578581069
6.49455779402251,0.7602155581888541,0.047437935149646865
6.499732646006791,0.7667127034088688,0.04820139928044573
6.505780363970688,0.7732154599138575,0.04897136336210709
6.512714029039966,0.7797247071103629,0.0497478334456192
6.520517719919764,0.7862413229848427,0.0505308164606668
6.529144801459604,0.7927661542455324,0.05132032019928199
6.5385214159776,0.799299987354251,0.05211635327008188
6.548554786576776,0.8058435254555282,0.05291892502648677
6.559144783206269,0.8123973752404197,0.05372804547683474
6.570196679692902,0.8189620459718693,0.054543725187440883
6.581632984518173,0.8255379608039748,0.05536597519082881
6.593402429826992,0.8321254785111474,0.05619480691048637
6.605484582537331,0.8387249220173295,0.0570302321107506
6.617889103509276,0.8453366088603528,0.05787226287618944
6.630649494084402,0.8519608781591497,0.058720911619699195
6.643812221169178,0.8585981090167765,0.05957619111328716
6.65742307391998,0.8652487266643211,0.060438114531127705
6.671513100419559,0.8719131947514909,0.06130669549183561
6.686086511394891,0.8785919945573981,0.06218194808649005
6.701112721262651,0.8852855941737269,0.06306388688085561
6.716524215600576,0.8919944126421585,0.06395252688426355
6.732221080368695,0.8987187852901432,0.0648478834832297
6.748081866670165,0.9054589367636626,0.0657499723442566
6.763979214883734,0.9122149673044396,0.06665880929629064
6.77979760415402,0.9189868557139586,0.06757441020779985
6.795450065947998,0.9257744795490096,0.06849679087543133
6.810890995844908,0.932577650079906,0.06942596694024579
6.826123280771454,0.9393961572182142,0.07036195384389485
6.841199328511393,0.9462298185228557,0.07130476683176538
6.856216621498982,0.9530785264978608,0.07225442100427575
6.871308924082147,0.9599422892706514,0.07321093141216001
6.886634525539686,0.9668212609954623,0.07417431318729306
6.902363112912328,0.9737157598146883,0.07514458169769814
6.918662901122113,0.9806262728217054,0.07612175271401633
6.935689362854133,0.9875534489536936,0.07710584257490403
6.9535764267617015,0.9944980818485015,0.07809686834030513
6.97243048711735,1.001461085305441,0.0790948479238821
6.99232701224887,1.0084434640551243,0.08009980019856239
7.01330914041164,1.0154462821314545,0.08111174507165568
7.03538766256009,1.0224706305329403,0.08213070352798787
7.058542049991998,1.0295175953892164,0.08315669764094895
7.082722256179939,1.0365882275423024,0.0841897505524147
7.107850844588761,1.0436835140926868,0.0852298864232322
7.133824943015546,1.050804351986489,0.0862771303562718
7.160517872298979,1.057951523394146,0.08733150829396212
7.187780910752555,1.065125672785672,0.08839304689205203
7.215446154847879,1.072327286318472,0.0894617733716041
7.243331528408295,1.0795566751601002,0.0905377153523434
7.271248685718326,1.0868139652671636,0.09162090067255703
7.299014007713268,1.0940990966138793,0.09271135720349755
7.326462186059331,1.1014118347107655,0.09380911266915987
7.353461124980009,1.1087517963662852,0.09491419448469839
7.379926320473935,1.1161184900890122,0.09602662962792603
7.405832815961471,1.1235113696572299,0.09714644455779915
7.4312234383678035,1.1309298977843945,0.09827366519151996
7.456213088919995,1.1383736160480384,0.09940831694843617
7.480989839878258,1.1458422175124376,0.10055042486521641
7.505813825494123,1.1533356193451239,0.1017000137836452
7.531014146429313,1.1608540333310855,0.1028571086099833
7.556982748880348,1.1683980317787404,0.10402173464253822
7.584163466738188,1.1759686048865496,0.10519391796087087
7.613034591219594,1.1835672039155285,0.1063736858652719
7.6440841399729695,1.1911957632811248,0.10756106734887023
7.677778083849476,1.1988566943930359,0.10875609357770731
7.714523209772759,1.206552845039847,0.10995879834742375
7.754628053151004,1.214287420671309,0.11116921848027933
7.798266901795348,1.222063868148782,0.11238739412468937
7.845452517626876,1.2298857278584931,0.11361336892269301
7.896022579411998,1.2377564654070126,0.11484719001932576
7.949643007150849,1.245679298200294,0.11608890790112941
8.005828629100703,1.2536570340184199,0.11733857606723877
8.06397870086146,1.261691937683401,0.11859625055308969
8.12342234796387,1.2697856382078136,0.1198619893410353
8.183467646827406,1.2779390832052093,0.1211358517017418
8.243447969090354,1.2861525410131682,0.122417897513851
8.30276026244971,1.2944256451289382,0.12370818660692205
8.360891765639026,1.3027574711429826,0.125006778165058
8.417433775691128,1.3111466339136477,0.12631373021758632
8.472083086806872,1.3195913923448968,0.1276290992307156
8.524633340967878,1.328089750558784,0.12895293980216746
8.574959615505241,1.3366395470370207,0.13028530445096537
8.62300002353474,1.3452385268565408,0.13162624348791216
8.668737887614014,1.3538843958121152,0.1329758049492465
8.712187185787236,1.3625748583488158,0.13433403457632695
8.753382569787039,1.371307643226603,0.13570097582711466
8.792373723738311,1.3800805213733656,0.13707666990941464
8.829222839127254,1.3888913196547983,0.1384611558299287
8.864003875484572,1.3977379330121042,0.13985447045626218
8.896802728491917,1.4066183363140925,0.14125664859092527
8.927717863383977,1.4155305966100304,0.14266772305738734
8.9568610576915,1.4244728860705682,0.14408772479872764
8.984357612764025,1.433443495405796,0.14551668298946582
9.010344987830765,1.4424408467060934,0.14695462516052177
9.034968698553628,1.4514635035492855,0.14840157733564946
9.058374808025466,1.460510175302575,0.1498575641750754
9.080699329750233,1.469579712371463,0.1513226091189124
9.102055856800332,1.4786710899647382,0.1527967345200805
9.122523242033504,1.487783379514155,0.15427996175481995
9.142135163739662,1.4969157087170417,0.15577231129893554
9.160873209503322,1.5060672129036632,0.1572738027597459
9.178664795671136,1.5152369819062503,0.15878445485715084
9.195386679987292,1.5244240076440796,0.160304285351926
9.210874030915958,1.5336271379995312,0.16183331092474781
9.224934222594861,1.5428450421262867,0.16337154701481071
9.237363921321204,1.5520761911982448,0.164919007631473
9.247967672783265,1.561318856995297,0.16647570515556975
9.256576127747179,1.5705711288955622,0.1680416501485152
9.2630622526597,1.5798309480857655,0.16961685118700584
9.267354213767154,1.589096156318979,0.17120131473920822
9.269443934970088,1.5983645553933477,0.17279504509506438
9.269390577187547,1.6076339726494264,0.17439804435908576
9.26731837826376,1.616902327127152,0.17601031250897406
9.263408445395477,1.6261676905389817,0.17763184751780714
9.257884420678113,1.6354283369720184,0.17926264553156265
9.250992744972365,1.6446827755548437,0.18090270108782608
9.242979392994458,1.653929761623827,0.1825520073564154
9.234065792245124,1.6631682842164468,0.18421055637933556
9.22442669776636,1.6723975304614525,0.18587833928667452
9.214172285446777,1.681616829953059,0.18755534646688177
9.203336131848955,1.6908255841617068,0.18924156767393915
9.191870202958128,1.7000231873291103,0.19093699205968456
9.179647295541429,1.7092089460783602,0.1926416081263883
9.166470480273377,1.7183820049662675,0.19435540360191061
9.152088166579853,1.727541284289694,0.1960783652465386
9.136212723581458,1.7366854347347747,0.19781047860605083
9.11854031124988,1.7458128112521902,0.1995517277290443
9.098769696555879,1.754921466256093,0.20130209486779846
9.076618232550686,1.7640091602206462,0.20306156018103683
9.051833651743346,1.7730733861627932,0.20483010145422856
9.024200712105902,1.7821114033447178,0.2066076938489823
8.993542182431579,1.7911202747919865,0.20839430968805067
8.959714417304786,1.8000969030918548,0.2101899182769926
8.922598670896036,1.8090380596359552,0.2119944857583565
8.882089808493586,1.81794040387565,0.2138079749901123
8.838084022257092,1.8268004907910254,0.21563034543744564
8.79046687421243,1.8356147662392601,0.21746155306596077
8.739102744835462,1.8443795510487841,0.2193015502246048
8.683826498734653,1.853091015670569,0.22115028550796448
8.624437809047931,1.8617451478244604,0.223007703589712
8.5606981975571,1.870337715827763,0.22487374502153812
8.492330546667684,1.8788642301998755,0.22674834599455193
8.419020649261366,1.88731990579784,0.2286314380625508
8.340420326703946,1.8956996262858228,0.23052294782859262
8.256151798492562,1.903997912348421,0.23242279659790974
8.165813200970936,1.9122088948481528,0.23433090000150802
8.06898516806657,1.9203262940326715,0.23624716759594844
7.965238129118258,1.9283434056812638,0.2381715024458054
7.85413974326533,1.9362530946174557,0.24010380069595477
7.735262038023272,1.9440477955081,0.24204395114101754
7.608188317749105,1.951719520685986,0.24399183479911457
7.472520312044801,1.959259875000883,0.245947324496958
7.327885922567522,1.966660078118189,0.24791028447351754
7.173947248361859,1.9739109947036537,0.24988057000992847
7.010407636618503,1.9810031721461439,0.25185802709335336
6.837015785752057,1.9879268838573292,0.2538424921213551
6.653564799294432,1.9946721741498525,0.2558337916503587
6.459884657592745,2.001228898878296,0.25783174218687277
6.255827690857706,2.0075867550525213,0.2598361500138382
6.041248025651569,2.0137352929107757,0.26184681103781987
5.8159772804698,2.0196639055638363,0.26386351063705715
5.579799631444634,2.0253617940197937,0.265886023486849
5.332429562264967,2.0308179086166485,0.26791411333816717
5.073495291329286,2.0360208710434455,0.2699475327279972
4.802530356872218,2.040958883867546,0.2719860226054527
4.518975281676988,2.045619636686821,0.2740293118657299
4.222190511350735,2.049990219583335,0.27607711679386493
3.911480828875759,2.0540570552534483,0.27812914043128334
3.586130298837137,2.0578058608173047,0.28018507188931874
3.2454456793483066,2.0612216488063972,0.2822445856441306
2.8888052965445263,2.0642887742943437,0.28430734085568093
2.5157096692993313,2.0669910317772655,0.28637298075871676
2.1258298181864967,2.0693118015210086,0.2884411321753659
1.7190494610237457,2.0712342411606137,0.2905114051967067
1.295498375510143,2.0727415150788806,0.29258339307482645
0.8555758761831366,2.0738170522047272,0.29465667235846826
0.3999650925717885,2.0744448226891046,0.29673080329591517
-0.07035984639024488,2.0746096253121955,0.2988053305199158
-0.5541307271927571,2.074297380025404,0.30087978402258464
-1.049783159391498,2.073495423082112,0.3029536804241384
-1.555453257105197,2.0721928048738634,0.3050265245381164
-2.0689726928481083,2.070380591898887,0.30709781123650276
-2.5878640749853403,2.06805217351497,0.30916702761920967
-3.1093408385446493,2.065203571058205,0.31123365549149623
-3.63031718891656,2.0618337420444743,0.3132971741480476
-4.147433584913576,2.0579448666575595,0.3153570634523986
-4.657101818063071,2.053542598956071,0.3174128071852054
-5.155571375395984,2.0486362623593415,0.3194638966158631
-5.639016165587196,2.0432389685888497,0.3215098342313372
-6.103638716041353,2.0373676411480353,0.32355013753620565
-6.54578819334332,2.031042927693343,0.3255843428206263
-6.96208882685206,2.024288989183245,0.3276120087790646
-7.349575619824689,2.0171331569599067,0.32963271985213616
-7.705833779504596,2.0096054522602422,0.33164608915674626
-8.029136876070167,2.001737966932455,0.33365176086634263
-8.318576687622679,1.9935641101506085,0.3356494119048842
-8.574175524610615,1.9851177340444919,0.33763875282698175
-8.796970127234946,1.9764321612185691,0.3396195277746133
-8.989055743946423,1.9675391482829785,0.34159151342936406
-9.15358055147907,1.9584678301352658,0.3435545169185732
-9.294684460148776,1.9492436976294518,0.34550837268245554
-9.417381774717942,1.9398876645120184,0.34745293836352625
-9.52739264841377,1.9304152773004526,0.3493880898344325
-9.630932627149171,1.9208361146626711,0.351313715530414
